GyroX,GyroY,GyroZ,NoiseX,NoiseY,NoiseZ,ExpGravityX,ExpGravityY,ExpGravityZ,ExpOxX,ExpOxY,ExpOxZ,ExpOyX,ExpOyY,ExpOyZ,AccX,AccY,AccZ,ExpSpeedX,ExpSpeedY,ExpSpeedZ,dT
-0.08100459429103453,0.0057289433462409285,0.0,-0.07802821,0.013003366,-0.00028777958,0.033768497,0.007410467,0.9994023,0.9994297,-0.00025038313,-0.03376757,-2.9103827e-11,-0.9999725,0.007414695,0.47165772705078124,0.1197100830078125,11.214440576171874,0.00213029,0.0,0.05065116,0.0045166016
-0.07927258816310122,0.0039969372183076245,-0.002264931090374321,-0.07802821,0.013003366,-0.00028777958,0.033768497,0.007410467,0.9994023,0.9994297,-0.00025038313,-0.03376757,-2.9103827e-11,-0.9999725,0.007414695,0.39264907226562495,0.10773907470703124,11.202469567871093,0.0079299165,0.0,0.21611732,0.014770508
-0.07847320071943971,0.010125574286379316,0.0014655436467127959,-0.07802821,0.013003366,-0.00028777958,0.033768497,0.007410467,0.9994023,0.9994297,-0.00025038313,-0.03376757,-2.9103827e-11,-0.9999725,0.007414695,0.40940848388671874,0.09337386474609374,11.233594189453123,0.013977088,0.0,0.3820432,0.014770508
-0.07967228188493199,0.008260336917835759,-0.002398162330984575,-0.07802821,0.013003366,-0.00028777958,0.033768497,0.007410467,0.9994023,0.9994297,-0.00025038313,-0.03376757,-2.9103827e-11,-0.9999725,0.007414695,0.32561142578124996,0.08140285644531249,11.322179650878905,0.018786535,0.0,0.54927754,0.014770508
-0.08540122523117291,0.007993874436615249,-0.0014655436467127959,-0.07802821,0.013003366,-0.00028777958,0.033768497,0.007410467,0.9994023,0.9994297,-0.00025038313,-0.03376757,-2.9103827e-11,-0.9999725,0.007414695,0.373495458984375,0.016759411621093748,11.250353601074218,0.02425766,0.0,0.71407765,0.0146484375
-0.08366921910323963,0.005462480865020421,0.0006661562030512709,-0.07802821,0.013003366,-0.00028777958,0.033768497,0.007410467,0.9994023,0.9994297,-0.00025038313,-0.03376757,-2.9103827e-11,-0.9999725,0.007414695,0.354341845703125,0.0909796630859375,11.166556542968749,0.02949147,0.0,0.87901336,0.014770508
-0.08260336917835759,0.011591117933092112,0.0035972434964768626,-0.07802821,0.013003366,-0.00028777958,0.033768497,0.007410467,0.9994023,0.9994297,-0.00025038313,-0.03376757,-2.9103827e-11,-0.9999725,0.007414695,0.3711012573242187,0.17477672119140625,11.245565197753905,0.034972824,0.0,1.0451161,0.014770508
-0.08233690669713707,0.00985911180515881,0.0029310872934255917,-0.07802821,0.013003366,-0.00028777958,0.033768497,0.007410467,0.9994023,0.9994297,-0.00025038313,-0.03376757,-2.9103827e-11,-0.9999725,0.007414695,0.3758896606445312,0.09816226806640624,11.413159313964844,0.040524904,0.0,1.2136942,0.014770508
-0.08393568158446013,0.01052526800821008,0.0030643185340358454,-0.07802821,0.013003366,-0.00028777958,0.033768497,0.007410467,0.9994023,0.9994297,-0.00025038313,-0.03376757,-2.9103827e-11,-0.9999725,0.007414695,0.3758896606445312,0.06464344482421874,11.259930407714844,0.0460311,0.0,1.3786346,0.0146484375
-0.080205206847373,0.00985911180515881,0.0011990811654922875,-0.07802821,0.013003366,-0.00028777958,0.033768497,0.007410467,0.9994023,0.9994297,-0.00025038313,-0.03376757,-2.9103827e-11,-0.9999725,0.007414695,0.430956298828125,0.016759411621093748,11.180921752929686,0.052343935,0.0,1.5424176,0.0146484375
-0.08153751925347555,0.006261868308681946,-0.0019984686091538122,-0.07802821,0.013003366,-0.00028777958,0.033768497,0.007410467,0.9994023,0.9994297,-0.00025038313,-0.03376757,-2.9103827e-11,-0.9999725,0.007414695,0.34715924072265625,0.0909796630859375,11.238382592773437,0.05747165,0.0,1.7084143,0.014770508
-0.08420214406568063,0.007993874436615249,0.000799387443661525,-0.07802821,0.013003366,-0.00028777958,0.033768497,0.007410467,0.9994023,0.9994297,-0.00025038313,-0.03376757,-2.9103827e-11,-0.9999725,0.007414695,0.4525041137695312,0.08379705810546874,11.274295617675781,0.06410013,0.0,1.8735651,0.0146484375
-0.0816707504940858,0.0074609494741742334,0.0002664624812205083,-0.07802821,0.013003366,-0.00028777958,0.033768497,0.007410467,0.9994023,0.9994297,-0.00025038313,-0.03376757,-2.9103827e-11,-0.9999725,0.007414695,0.430956298828125,0.09337386474609374,11.113884106445312,0.07046557,0.0,2.0377228,0.014770508
-0.08220367545652682,0.0074609494741742334,0.002531393571594829,-0.07802821,0.013003366,-0.00028777958,0.033768497,0.007410467,0.9994023,0.9994297,-0.00025038313,-0.03376757,-2.9103827e-11,-0.9999725,0.007414695,0.37828386230468747,0.12689268798828124,11.145008728027342,0.07600684,0.0,2.2009797,0.0146484375
-0.08406891282507037,0.011457886692481857,-0.0014655436467127959,-0.07802821,0.013003366,-0.00028777958,0.033768497,0.007410467,0.9994023,0.9994297,-0.00025038313,-0.03376757,-2.9103827e-11,-0.9999725,0.007414695,0.37828386230468747,0.06703764648437499,11.161768139648437,0.08159428,0.0,2.3658447,0.014770508
-0.08247013793774732,0.0075941807147844875,0.0026646248122050836,-0.07802821,0.013003366,-0.00028777958,0.033768497,0.007410467,0.9994023,0.9994297,-0.00025038313,-0.03376757,-2.9103827e-11,-0.9999725,0.007414695,0.35194764404296874,0.0526724365234375,11.322179650878905,0.08679273,0.0,2.5330791,0.014770508
-0.0816707504940858,0.009326186842717792,-0.0021316998497640663,-0.07802821,0.013003366,-0.00028777958,0.033768497,0.007410467,0.9994023,0.9994297,-0.00025038313,-0.03376757,-2.9103827e-11,-0.9999725,0.007414695,0.42377369384765623,0.13407529296874998,11.228805786132812,0.09305208,0.0,2.6989343,0.014770508
-0.0816707504940858,0.008127105677225504,-0.0010658499248820332,-0.07802821,0.013003366,-0.00028777958,0.033768497,0.007410467,0.9994023,0.9994297,-0.00025038313,-0.03376757,-2.9103827e-11,-0.9999725,0.007414695,0.4070142822265625,0.05746083984375,11.228805786132812,0.09901421,0.0,2.8634188,0.0146484375
-0.08446860654690114,0.007061255752343471,-0.0005329249624410166,-0.07802821,0.013003366,-0.00028777958,0.033768497,0.007410467,0.9994023,0.9994297,-0.00025038313,-0.03376757,-2.9103827e-11,-0.9999725,0.007414695,0.37828386230468747,0.11252747802734374,11.171344946289063,0.10455547,0.0,3.0270615,0.0146484375
-0.08193721297530632,0.007727411955394742,-0.000799387443661525,-0.07802821,0.013003366,-0.00028777958,0.033768497,0.007410467,0.9994023,0.9994297,-0.00025038313,-0.03376757,-2.9103827e-11,-0.9999725,0.007414695,0.3495534423828125,0.07900865478515624,11.3006318359375,0.109675884,0.0,3.192598,0.0146484375
-0.08193721297530632,0.009459418083328047,0.0006661562030512709,-0.07802821,0.013003366,-0.00028777958,0.033768497,0.007410467,0.9994023,0.9994297,-0.00025038313,-0.03376757,-2.9103827e-11,-0.9999725,0.007414695,0.38307226562499996,0.01915361328125,11.233594189453123,0.11533406,0.0,3.358524,0.014770508
-0.0846018377875114,0.00985911180515881,0.0003996937218307625,-0.07802821,0.013003366,-0.00028777958,0.033768497,0.007410467,0.9994023,0.9994297,-0.00025038313,-0.03376757,-2.9103827e-11,-0.9999725,0.007414695,0.39983167724609375,0.0383072265625,11.262324609375,0.121190965,0.0,3.5234995,0.0146484375
-0.08526799399056267,0.010392036767599824,-0.0010658499248820332,-0.07802821,0.013003366,-0.00028777958,0.033768497,0.007410467,0.9994023,0.9994297,-0.00025038313,-0.03376757,-2.9103827e-11,-0.9999725,0.007414695,0.35673604736328124,0.05027823486328125,11.25514200439453,0.1264166,0.0,3.6883698,0.0146484375
-0.08433537530629089,0.011990811654922875,-0.0009326186842717792,-0.07802821,0.013003366,-0.00028777958,0.033768497,0.007410467,0.9994023,0.9994297,-0.00025038313,-0.03376757,-2.9103827e-11,-0.9999725,0.007414695,0.40940848388671874,0.10773907470703124,11.195286962890624,0.13256373,0.0,3.856463,0.015014648
-0.08433537530629089,0.011591117933092112,-0.0006661562030512709,-0.07802821,0.013003366,-0.00028777958,0.033768497,0.007410467,0.9994023,0.9994297,-0.00025038313,-0.03376757,-2.9103827e-11,-0.9999725,0.007414695,0.373495458984375,0.11013327636718749,11.231199987792968,0.13808045,0.0,4.0223536,0.014770508
-0.08380245034384987,0.008526799399056265,-0.002797856052815337,-0.07802821,0.013003366,-0.00028777958,0.033768497,0.007410467,0.9994023,0.9994297,-0.00025038313,-0.03376757,-2.9103827e-11,-0.9999725,0.007414695,0.3447650390625,0.11013327636718749,11.180921752929686,0.14313072,0.0,4.1861367,0.0146484375
-0.08100459429103453,0.00866003063966652,0.0033307810152563544,-0.07802821,0.013003366,-0.00028777958,0.033768497,0.007410467,0.9994023,0.9994297,-0.00025038313,-0.03376757,-2.9103827e-11,-0.9999725,0.007414695,0.3711012573242187,0.08140285644531249,11.233594189453123,0.14856677,0.0,4.3506913,0.0146484375
-0.08273660041896783,0.007194486992953725,0.0021316998497640663,-0.07802821,0.013003366,-0.00028777958,0.033768497,0.007410467,0.9994023,0.9994297,-0.00025038313,-0.03376757,-2.9103827e-11,-0.9999725,0.007414695,0.41898529052734373,0.047884033203124995,11.166556542968749,0.1547554,0.0,4.515627,0.014770508
-0.08207044421591657,0.005196018383799912,0.0019984686091538122,-0.07802821,0.013003366,-0.00028777958,0.033768497,0.007410467,0.9994023,0.9994297,-0.00025038313,-0.03376757,-2.9103827e-11,-0.9999725,0.007414695,0.40940848388671874,0.09576806640624999,11.305420239257812,0.1607526,0.0,4.681234,0.0146484375
-0.08127105677225505,0.009459418083328047,0.002797856052815337,-0.07802821,0.013003366,-0.00028777958,0.033768497,0.007410467,0.9994023,0.9994297,-0.00025038313,-0.03376757,-2.9103827e-11,-0.9999725,0.007414695,0.3806780639648437,0.04548983154296875,11.183315954589844,0.1663754,0.0,4.846417,0.014770508
-0.08513476274995241,0.008127105677225504,-0.001732006127933304,-0.07802821,0.013003366,-0.00028777958,0.033768497,0.007410467,0.9994023,0.9994297,-0.00025038313,-0.03376757,-2.9103827e-11,-0.9999725,0.007414695,0.3447650390625,0.08858546142578125,11.298237634277344,0.17146775,0.0,5.0132976,0.014770508
-0.08366921910323963,0.011058192970651094,0.000799387443661525,-0.07802821,0.013003366,-0.00028777958,0.033768497,0.007410467,0.9994023,0.9994297,-0.00025038313,-0.03376757,-2.9103827e-11,-0.9999725,0.007414695,0.36631285400390623,0.06703764648437499,11.252747802734374,0.17683366,0.0,5.1781325,0.0146484375
-0.0846018377875114,0.01372281778285618,0.0018652373685435584,-0.07802821,0.013003366,-0.00028777958,0.033768497,0.007410467,0.9994023,0.9994297,-0.00025038313,-0.03376757,-2.9103827e-11,-0.9999725,0.007414695,0.3854664672851562,0.09337386474609374,11.2240173828125,0.1825272,0.0,5.343917,0.014770508
-0.08420214406568063,0.01052526800821008,0.00013323124061025415,-0.07802821,0.013003366,-0.00028777958,0.033768497,0.007410467,0.9994023,0.9994297,-0.00025038313,-0.03376757,-2.9103827e-11,-0.9999725,0.007414695,0.35673604736328124,0.0909796630859375,11.209652172851563,0.18775283,0.0,5.508121,0.0146484375
-0.0816707504940858,0.008393568158446012,-0.0019984686091538122,-0.07802821,0.013003366,-0.00028777958,0.033768497,0.007410467,0.9994023,0.9994297,-0.00025038313,-0.03376757,-2.9103827e-11,-0.9999725,0.007414695,0.40940848388671874,0.04548983154296875,11.228805786132812,0.19375002,0.0,5.6726055,0.0146484375
-0.08326952538140886,0.008127105677225504,0.0003996937218307625,-0.07802821,0.013003366,-0.00028777958,0.033768497,0.007410467,0.9994023,0.9994297,-0.00025038313,-0.03376757,-2.9103827e-11,-0.9999725,0.007414695,0.3591302490234375,0.09576806640624999,11.269507214355468,0.19905455,0.0,5.8390617,0.014770508
-0.07980551312554225,0.0095926493239383,0.00013323124061025415,-0.07802821,0.013003366,-0.00028777958,0.033768497,0.007410467,0.9994023,0.9994297,-0.00025038313,-0.03376757,-2.9103827e-11,-0.9999725,0.007414695,0.296881005859375,0.04548983154296875,11.310208642578125,0.2034034,0.0,6.004739,0.0146484375
-0.08180398173469605,0.0075941807147844875,0.00013323124061025415,-0.07802821,0.013003366,-0.00028777958,0.033768497,0.007410467,0.9994023,0.9994297,-0.00025038313,-0.03376757,-2.9103827e-11,-0.9999725,0.007414695,0.32082302246093747,0.1005564697265625,11.209652172851563,0.20810296,0.0,6.168943,0.0146484375
-0.08233690669713707,0.008127105677225504,0.0019984686091538122,-0.07802821,0.013003366,-0.00028777958,0.033768497,0.007410467,0.9994023,0.9994297,-0.00025038313,-0.03376757,-2.9103827e-11,-0.9999725,0.007414695,0.38786066894531246,0.062249243164062495,11.168950744628905,0.21378452,0.0,6.3325505,0.0146484375
-0.08273660041896783,0.009992343045769061,-0.001732006127933304,-0.07802821,0.013003366,-0.00028777958,0.033768497,0.007410467,0.9994023,0.9994297,-0.00025038313,-0.03376757,-2.9103827e-11,-0.9999725,0.007414695,0.44532150878906246,0.1005564697265625,11.231199987792968,0.22047086,0.0,6.501183,0.015014648
-0.08220367545652682,0.006928024511733216,0.0,-0.07802821,0.013003366,-0.00028777958,0.033768497,0.007410467,0.9994023,0.9994297,-0.00025038313,-0.03376757,-2.9103827e-11,-0.9999725,0.007414695,0.3591302490234375,0.0526724365234375,11.21683477783203,0.22573155,0.0,6.665492,0.0146484375
-0.08326952538140886,0.00866003063966652,0.0030643185340358454,-0.07802821,0.013003366,-0.00028777958,0.033768497,0.007410467,0.9994023,0.9994297,-0.00025038313,-0.03376757,-2.9103827e-11,-0.9999725,0.007414695,0.30885201416015623,0.10773907470703124,11.245565197753905,0.23029345,0.0,6.831595,0.014770508
-0.0814042880128653,0.009459418083328047,-0.001732006127933304,-0.07802821,0.013003366,-0.00028777958,0.033768497,0.007410467,0.9994023,0.9994297,-0.00025038313,-0.03376757,-2.9103827e-11,-0.9999725,0.007414695,0.36631285400390623,0.0909796630859375,11.209652172851563,0.23565936,0.0,6.995799,0.0146484375
-0.08153751925347555,0.013056661579804908,0.0003996937218307625,-0.07802821,0.013003366,-0.00028777958,0.033768497,0.007410467,0.9994023,0.9994297,-0.00025038313,-0.03376757,-2.9103827e-11,-0.9999725,0.007414695,0.35194764404296874,0.1292868896484375,11.164162341308593,0.24081485,0.0,7.1593366,0.0146484375
-0.0863338439154447,0.006661562030512709,-0.0009326186842717792,-0.07802821,0.013003366,-0.00028777958,0.033768497,0.007410467,0.9994023,0.9994297,-0.00025038313,-0.03376757,-2.9103827e-11,-0.9999725,0.007414695,0.3447650390625,0.16998831787109375,11.18571015625,0.24586512,0.0,7.3231897,0.0146484375
-0.08446860654690114,0.007860643196004996,0.000799387443661525,-0.07802821,0.013003366,-0.00028777958,0.033768497,0.007410467,0.9994023,0.9994297,-0.00025038313,-0.03376757,-2.9103827e-11,-0.9999725,0.007414695,0.3184288208007812,0.05027823486328125,11.166556542968749,0.25056848,0.0,7.4881253,0.014770508
-0.0816707504940858,0.008260336917835759,0.0031975497746461,-0.07802821,0.013003366,-0.00028777958,0.033768497,0.007410467,0.9994023,0.9994297,-0.00025038313,-0.03376757,-2.9103827e-11,-0.9999725,0.007414695,0.411802685546875,0.062249243164062495,11.209652172851563,0.25660074,0.0,7.6523294,0.0146484375
-0.07980551312554225,0.010125574286379316,-0.000799387443661525,-0.07802821,0.013003366,-0.00028777958,0.033768497,0.007410467,0.9994023,0.9994297,-0.00025038313,-0.03376757,-2.9103827e-11,-0.9999725,0.007414695,0.3950432739257812,0.05985504150390625,11.204863769531249,0.2623875,0.0,7.816463,0.0146484375
-0.07967228188493199,0.013056661579804908,-0.0013323124061025418,-0.07802821,0.013003366,-0.00028777958,0.033768497,0.007410467,0.9994023,0.9994297,-0.00025038313,-0.03376757,-2.9103827e-11,-0.9999725,0.007414695,0.3806780639648437,0.09337386474609374,11.250353601074218,0.26801032,0.0,7.9826365,0.014770508
-0.08433537530629089,0.007860643196004996,-0.0019984686091538122,-0.07802821,0.013003366,-0.00028777958,0.033768497,0.007410467,0.9994023,0.9994297,-0.00025038313,-0.03376757,-2.9103827e-11,-0.9999725,0.007414695,0.3495534423828125,0.13407529296874998,11.33175645751953,0.2731734,0.0,8.150012,0.014770508
-0.08446860654690114,0.007993874436615249,-0.0030643185340358454,-0.07802821,0.013003366,-0.00028777958,0.033768497,0.007410467,0.9994023,0.9994297,-0.00025038313,-0.03376757,-2.9103827e-11,-0.9999725,0.007414695,0.37828386230468747,0.0526724365234375,11.219228979492186,0.27871466,0.0,8.314356,0.0146484375
-0.08180398173469605,0.0031975497746461,0.0035972434964768626,-0.07802821,0.013003366,-0.00028777958,0.033768497,0.007410467,0.9994023,0.9994297,-0.00025038313,-0.03376757,-2.9103827e-11,-0.9999725,0.007414695,0.40462008056640625,0.12210428466796874,11.173739147949219,0.2846417,0.0,8.478034,0.0146484375
-0.0866003063966652,0.007860643196004996,0.0010658499248820332,-0.07802821,0.013003366,-0.00028777958,0.033768497,0.007410467,0.9994023,0.9994297,-0.00025038313,-0.03376757,-2.9103827e-11,-0.9999725,0.007414695,0.3591302490234375,0.055066638183593745,11.247959399414063,0.28994626,0.0,8.644172,0.014770508
-0.08073813180981403,0.006661562030512709,0.0031975497746461,-0.07802821,0.013003366,-0.00028777958,0.033768497,0.007410467,0.9994023,0.9994297,-0.00025038313,-0.03376757,-2.9103827e-11,-0.9999725,0.007414695,0.35673604736328124,0.062249243164062495,11.209652172851563,0.2951719,0.0,8.808375,0.0146484375
-0.08380245034384987,0.010791730489430587,0.0010658499248820332,-0.07802821,0.013003366,-0.00028777958,0.033768497,0.007410467,0.9994023,0.9994297,-0.00025038313,-0.03376757,-2.9103827e-11,-0.9999725,0.007414695,0.3280056274414062,0.09576806640624999,11.257536206054686,0.3000167,0.0,8.974655,0.014770508
-0.08473506902812164,0.009326186842717792,0.0,-0.07802821,0.013003366,-0.00028777958,0.033768497,0.007410467,0.9994023,0.9994297,-0.00025038313,-0.03376757,-2.9103827e-11,-0.9999725,0.007414695,0.40940848388671874,0.04548983154296875,11.269507214355468,0.30601388,0.0,9.139736,0.0146484375
-0.08247013793774732,0.010924961730040842,0.002398162330984575,-0.07802821,0.013003366,-0.00028777958,0.033768497,0.007410467,0.9994023,0.9994297,-0.00025038313,-0.03376757,-2.9103827e-11,-0.9999725,0.007414695,0.33758243408203126,0.1388636962890625,11.269507214355468,0.31100014,0.0,9.306192,0.014770508
-0.08446860654690114,0.008793261880276773,0.0002664624812205083,-0.07802821,0.013003366,-0.00028777958,0.033768497,0.007410467,0.9994023,0.9994297,-0.00025038313,-0.03376757,-2.9103827e-11,-0.9999725,0.007414695,0.41898529052734373,0.0383072265625,11.166556542968749,0.31713763,0.0,9.469765,0.0146484375
-0.08393568158446013,0.0075941807147844875,-0.0014655436467127959,-0.07802821,0.013003366,-0.00028777958,0.033768497,0.007410467,0.9994023,0.9994297,-0.00025038313,-0.03376757,-2.9103827e-11,-0.9999725,0.007414695,0.3447650390625,0.12210428466796874,11.204863769531249,0.3221879,0.0,9.633899,0.0146484375
-0.08406891282507037,0.00985911180515881,-0.002398162330984575,-0.07802821,0.013003366,-0.00028777958,0.033768497,0.007410467,0.9994023,0.9994297,-0.00025038313,-0.03376757,-2.9103827e-11,-0.9999725,0.007414695,0.33758243408203126,0.076614453125,11.2240173828125,0.32713297,0.0,9.798313,0.0146484375
-0.08700000011849597,0.011457886692481857,0.0014655436467127959,-0.07802821,0.013003366,-0.00028777958,0.033768497,0.007410467,0.9994023,0.9994297,-0.00025038313,-0.03376757,-2.9103827e-11,-0.9999725,0.007414695,0.354341845703125,0.0430956298828125,11.317391247558593,0.33232352,0.0,9.964095,0.0146484375
-0.08326952538140886,0.01185758041431262,-0.00013323124061025415,-0.07802821,0.013003366,-0.00028777958,0.033768497,0.007410467,0.9994023,0.9994297,-0.00025038313,-0.03376757,-2.9103827e-11,-0.9999725,0.007414695,0.35673604736328124,0.09337386474609374,11.257536206054686,0.33754915,0.0,10.129001,0.0146484375
-0.08260336917835759,0.009725880564548555,0.000799387443661525,-0.07802821,0.013003366,-0.00028777958,0.033768497,0.007410467,0.9994023,0.9994297,-0.00025038313,-0.03376757,-2.9103827e-11,-0.9999725,0.007414695,0.3806780639648437,0.05985504150390625,11.17852755126953,0.34317195,0.0,10.294113,0.014770508
-0.08286983165957809,0.007993874436615249,-0.00013323124061025415,-0.07802821,0.013003366,-0.00028777958,0.033768497,0.007410467,0.9994023,0.9994297,-0.00025038313,-0.03376757,-2.9103827e-11,-0.9999725,0.007414695,0.40940848388671874,0.07900865478515624,11.307814440917968,0.34916914,0.0,10.459755,0.0146484375
-0.08193721297530632,0.011058192970651094,0.0,-0.07802821,0.013003366,-0.00028777958,0.033768497,0.007410467,0.9994023,0.9994297,-0.00025038313,-0.03376757,-2.9103827e-11,-0.9999725,0.007414695,0.34715924072265625,0.09576806640624999,11.219228979492186,0.35425448,0.0,10.624099,0.0146484375
-0.08620061267483445,0.0073277182335639785,-0.0019984686091538122,-0.07802821,0.013003366,-0.00028777958,0.033768497,0.007410467,0.9994023,0.9994297,-0.00025038313,-0.03376757,-2.9103827e-11,-0.9999725,0.007414695,0.44053310546874996,0.09816226806640624,11.156979736328124,0.3607076,0.0,10.787531,0.0146484375
-0.08513476274995241,0.011990811654922875,0.0005329249624410166,-0.07802821,0.013003366,-0.00028777958,0.033768497,0.007410467,0.9994023,0.9994297,-0.00025038313,-0.03376757,-2.9103827e-11,-0.9999725,0.007414695,0.3687070556640625,0.14125789794921875,11.238382592773437,0.3661536,0.0,10.953527,0.014770508
-0.07927258816310122,0.008260336917835759,0.0,-0.07802821,0.013003366,-0.00028777958,0.033768497,0.007410467,0.9994023,0.9994297,-0.00025038313,-0.03376757,-2.9103827e-11,-0.9999725,0.007414695,0.36391865234375,0.076614453125,11.21683477783203,0.37148443,0.0,11.117837,0.0146484375
-0.08286983165957809,0.008793261880276773,-0.00013323124061025415,-0.07802821,0.013003366,-0.00028777958,0.033768497,0.007410467,0.9994023,0.9994297,-0.00025038313,-0.03376757,-2.9103827e-11,-0.9999725,0.007414695,0.373495458984375,0.086191259765625,11.295843432617186,0.37695554,0.0,11.283303,0.0146484375
-0.08247013793774732,0.00866003063966652,-0.0003996937218307625,-0.07802821,0.013003366,-0.00028777958,0.033768497,0.007410467,0.9994023,0.9994297,-0.00025038313,-0.03376757,-2.9103827e-11,-0.9999725,0.007414695,0.3711012573242187,0.076614453125,11.161768139648437,0.3823916,0.0,11.446806,0.0146484375
-0.08353598786262936,0.008393568158446012,0.002531393571594829,-0.07802821,0.013003366,-0.00028777958,0.033768497,0.007410467,0.9994023,0.9994297,-0.00025038313,-0.03376757,-2.9103827e-11,-0.9999725,0.007414695,0.38786066894531246,0.1197100830078125,11.231199987792968,0.38807315,0.0,11.611325,0.0146484375
-0.08300306290018834,0.006794793271122962,0.0,-0.07802821,0.013003366,-0.00028777958,0.033768497,0.007410467,0.9994023,0.9994297,-0.00025038313,-0.03376757,-2.9103827e-11,-0.9999725,0.007414695,0.430956298828125,0.06703764648437499,11.238382592773437,0.3944386,0.0,11.777322,0.014770508
-0.08153751925347555,0.011591117933092112,-0.0026646248122050836,-0.07802821,0.013003366,-0.00028777958,0.033768497,0.007410467,0.9994023,0.9994297,-0.00025038313,-0.03376757,-2.9103827e-11,-0.9999725,0.007414695,0.3399766357421875,0.11252747802734374,11.238382592773437,0.39946023,0.0,11.943318,0.014770508
-0.08420214406568063,0.011724349173702367,0.0010658499248820332,-0.07802821,0.013003366,-0.00028777958,0.033768497,0.007410467,0.9994023,0.9994297,-0.00025038313,-0.03376757,-2.9103827e-11,-0.9999725,0.007414695,0.4740519287109375,0.062249243164062495,11.168950744628905,0.40640435,0.0,12.106926,0.0146484375
-0.08273660041896783,0.009059724361497283,0.000799387443661525,-0.07802821,0.013003366,-0.00028777958,0.033768497,0.007410467,0.9994023,0.9994297,-0.00025038313,-0.03376757,-2.9103827e-11,-0.9999725,0.007414695,0.37828386230468747,0.07900865478515624,11.212046374511718,0.4119918,0.0,12.272533,0.014770508
-0.08100459429103453,0.007061255752343471,0.0019984686091538122,-0.07802821,0.013003366,-0.00028777958,0.033768497,0.007410467,0.9994023,0.9994297,-0.00025038313,-0.03376757,-2.9103827e-11,-0.9999725,0.007414695,0.354341845703125,0.10295067138671875,11.291055029296874,0.41718236,0.0,12.43793,0.0146484375
-0.08300306290018834,0.0095926493239383,0.0009326186842717792,-0.07802821,0.013003366,-0.00028777958,0.033768497,0.007410467,0.9994023,0.9994297,-0.00025038313,-0.03376757,-2.9103827e-11,-0.9999725,0.007414695,0.38307226562499996,0.06703764648437499,11.209652172851563,0.42279378,0.0,12.602134,0.0146484375
-0.08326952538140886,0.006128637068071691,-0.0018652373685435584,-0.07802821,0.013003366,-0.00028777958,0.033768497,0.007410467,0.9994023,0.9994297,-0.00025038313,-0.03376757,-2.9103827e-11,-0.9999725,0.007414695,0.36152445068359373,0.11731588134765625,11.279084020996093,0.42813367,0.0,12.768731,0.014770508
-0.08353598786262936,0.007860643196004996,0.0002664624812205083,-0.07802821,0.013003366,-0.00028777958,0.033768497,0.007410467,0.9994023,0.9994297,-0.00025038313,-0.03376757,-2.9103827e-11,-0.9999725,0.007414695,0.35673604736328124,0.028730419921875,11.329362255859374,0.4333593,0.0,12.934689,0.0146484375
-0.08366921910323963,0.0095926493239383,-0.0003996937218307625,-0.07802821,0.013003366,-0.00028777958,0.033768497,0.007410467,0.9994023,0.9994297,-0.00025038313,-0.03376757,-2.9103827e-11,-0.9999725,0.007414695,0.39264907226562495,0.05027823486328125,11.2240173828125,0.439111,0.0,13.099103,0.0146484375
-0.08207044421591657,0.01212404289553313,-0.0003996937218307625,-0.07802821,0.013003366,-0.00028777958,0.033768497,0.007410467,0.9994023,0.9994297,-0.00025038313,-0.03376757,-2.9103827e-11,-0.9999725,0.007414695,0.411802685546875,0.05746083984375,11.298237634277344,0.44514325,0.0,13.264605,0.0146484375
-0.08180398173469605,0.009459418083328047,0.00159877488732305,-0.07802821,0.013003366,-0.00028777958,0.033768497,0.007410467,0.9994023,0.9994297,-0.00025038313,-0.03376757,-2.9103827e-11,-0.9999725,0.007414695,0.3950432739257812,0.11252747802734374,11.319785449218749,0.45093003,0.0,13.430422,0.0146484375
-0.08540122523117291,0.008526799399056265,0.0030643185340358454,-0.07802821,0.013003366,-0.00028777958,0.033768497,0.007410467,0.9994023,0.9994297,-0.00025038313,-0.03376757,-2.9103827e-11,-0.9999725,0.007414695,0.40222587890625,0.076614453125,11.161768139648437,0.45687112,0.0,13.595286,0.014770508
-0.0860673814342242,0.008793261880276773,-0.0010658499248820332,-0.07802821,0.013003366,-0.00028777958,0.033768497,0.007410467,0.9994023,0.9994297,-0.00025038313,-0.03376757,-2.9103827e-11,-0.9999725,0.007414695,0.38307226562499996,0.11252747802734374,11.250353601074218,0.46248254,0.0,13.760086,0.0146484375
-0.08220367545652682,0.006128637068071691,0.00479632466196915,-0.07802821,0.013003366,-0.00028777958,0.033768497,0.007410467,0.9994023,0.9994297,-0.00025038313,-0.03376757,-2.9103827e-11,-0.9999725,0.007414695,0.3902548706054687,0.031124621582031248,11.274295617675781,0.46824682,0.0,13.926613,0.014770508
-0.0834027566220191,0.009992343045769061,0.0005329249624410166,-0.07802821,0.013003366,-0.00028777958,0.033768497,0.007410467,0.9994023,0.9994297,-0.00025038313,-0.03376757,-2.9103827e-11,-0.9999725,0.007414695,0.35194764404296874,0.08858546142578125,11.281478222656249,0.47344527,0.0,14.093246,0.014770508
-0.08033843808798326,0.009326186842717792,0.002264931090374321,-0.07802821,0.013003366,-0.00028777958,0.033768497,0.007410467,0.9994023,0.9994297,-0.00025038313,-0.03376757,-2.9103827e-11,-0.9999725,0.007414695,0.40940848388671874,0.062249243164062495,11.267113012695312,0.47959238,0.0,14.262418,0.015014648
-0.08620061267483445,0.003863705977697371,0.002264931090374321,-0.07802821,0.013003366,-0.00028777958,0.033768497,0.007410467,0.9994023,0.9994297,-0.00025038313,-0.03376757,-2.9103827e-11,-0.9999725,0.007414695,0.3758896606445312,0.1292868896484375,11.226411584472656,0.48509857,0.0,14.4268675,0.0146484375
-0.0834027566220191,0.010125574286379316,-0.000799387443661525,-0.07802821,0.013003366,-0.00028777958,0.033768497,0.007410467,0.9994023,0.9994297,-0.00025038313,-0.03376757,-2.9103827e-11,-0.9999725,0.007414695,0.36152445068359373,0.11731588134765625,11.197681164550781,0.49043846,0.0,14.592263,0.014770508
-0.08366921910323963,0.009725880564548555,0.0033307810152563544,-0.07802821,0.013003366,-0.00028777958,0.033768497,0.007410467,0.9994023,0.9994297,-0.00025038313,-0.03376757,-2.9103827e-11,-0.9999725,0.007414695,0.35194764404296874,0.09816226806640624,11.281478222656249,0.4956369,0.0,14.758897,0.014770508
-0.08247013793774732,0.004663093421358896,-0.0029310872934255917,-0.07802821,0.013003366,-0.00028777958,0.033768497,0.007410467,0.9994023,0.9994297,-0.00025038313,-0.03376757,-2.9103827e-11,-0.9999725,0.007414695,0.40222587890625,0.105344873046875,11.238382592773437,0.5015289,0.0,14.923522,0.0146484375
-0.08593415019361393,0.0063950995492922,0.0018652373685435584,-0.07802821,0.013003366,-0.00028777958,0.033768497,0.007410467,0.9994023,0.9994297,-0.00025038313,-0.03376757,-2.9103827e-11,-0.9999725,0.007414695,0.3591302490234375,0.076614453125,11.276689819335937,0.5067896,0.0,15.088708,0.0146484375
-0.08153751925347555,0.009459418083328047,0.0013323124061025418,-0.07802821,0.013003366,-0.00028777958,0.033768497,0.007410467,0.9994023,0.9994297,-0.00025038313,-0.03376757,-2.9103827e-11,-0.9999725,0.007414695,0.373495458984375,0.06703764648437499,11.204863769531249,0.51230633,0.0,15.2542095,0.014770508
-0.08087136305042428,0.009192955602107537,0.00159877488732305,-0.07802821,0.013003366,-0.00028777958,0.033768497,0.007410467,0.9994023,0.9994297,-0.00025038313,-0.03376757,-2.9103827e-11,-0.9999725,0.007414695,0.3591302490234375,0.055066638183593745,11.312602844238281,0.51756704,0.0,15.419922,0.0146484375
-0.08566768771239343,0.00985911180515881,-0.0006661562030512709,-0.07802821,0.013003366,-0.00028777958,0.033768497,0.007410467,0.9994023,0.9994297,-0.00025038313,-0.03376757,-2.9103827e-11,-0.9999725,0.007414695,0.3591302490234375,0.06464344482421874,11.262324609375,0.52282774,0.0,15.584897,0.0146484375
-0.0846018377875114,0.008260336917835759,0.0018652373685435584,-0.07802821,0.013003366,-0.00028777958,0.033768497,0.007410467,0.9994023,0.9994297,-0.00025038313,-0.03376757,-2.9103827e-11,-0.9999725,0.007414695,0.3902548706054687,0.09576806640624999,11.271901416015623,0.52854437,0.0,15.750012,0.0146484375
-0.08127105677225505,0.00479632466196915,0.0013323124061025418,-0.07802821,0.013003366,-0.00028777958,0.033768497,0.007410467,0.9994023,0.9994297,-0.00025038313,-0.03376757,-2.9103827e-11,-0.9999725,0.007414695,0.4165910888671875,0.1005564697265625,11.257536206054686,0.53464675,0.0,15.914918,0.0146484375
-0.08260336917835759,0.008926493120887028,-0.0011990811654922875,-0.07802821,0.013003366,-0.00028777958,0.033768497,0.007410467,0.9994023,0.9994297,-0.00025038313,-0.03376757,-2.9103827e-11,-0.9999725,0.007414695,0.4381389038085937,0.05746083984375,11.252747802734374,0.54111826,0.0,16.081127,0.014770508
-0.07940581940371148,0.01185758041431262,0.00159877488732305,-0.07802821,0.013003366,-0.00028777958,0.033768497,0.007410467,0.9994023,0.9994297,-0.00025038313,-0.03376757,-2.9103827e-11,-0.9999725,0.007414695,0.3902548706054687,0.086191259765625,11.3006318359375,0.5468825,0.0,16.248043,0.014770508
-0.08513476274995241,0.009326186842717792,-0.0003996937218307625,-0.07802821,0.013003366,-0.00028777958,0.033768497,0.007410467,0.9994023,0.9994297,-0.00025038313,-0.03376757,-2.9103827e-11,-0.9999725,0.007414695,0.44532150878906246,0.06464344482421874,11.3389390625,0.55340576,0.0,16.41414,0.0146484375
-0.08220367545652682,0.0095926493239383,0.015454823910789483,-0.07802821,0.013003366,-0.00028777958,0.03377377,0.0073864,0.9994023,0.9994293,-0.00096263364,-0.03376757,-0.00071263744,-0.9999723,0.007414695,0.5267243652343749,1.149216796875,11.247959399414063,0.56112146,0.016834231,16.578905,0.0146484375
-0.09086370609619333,0.011591117933092112,0.29057733577096434,-0.07802821,0.013003366,-0.00028777958,0.03380746,0.0070288344,0.9994037,0.9994139,-0.005627676,-0.03376823,-0.005386968,-0.99995947,0.007214971,0.4860229370117187,0.9983820922851562,11.207257971191405,0.56824094,0.03145897,16.743074,0.0146484375
-0.08993108741192156,0.011058192970651094,0.47257121044457157,-0.07802821,0.013003366,-0.00028777958,0.0338572,0.0065870495,0.999405,0.99934614,-0.012922523,-0.033770036,-0.012692388,-0.9998948,0.0070202616,0.35673604736328124,0.3591302490234375,11.250353601074218,0.5735972,0.036851186,16.911995,0.015014648
-0.09486064331450096,0.012923430339194655,0.4740367540912843,-0.07802821,0.013003366,-0.00028777958,0.033900786,0.0060758437,0.9994068,0.99923354,-0.019792326,-0.033774585,-0.019575374,-0.99978566,0.006742161,0.2753331909179687,-0.26815058593749996,11.389217297363281,0.577664,0.032890465,17.08022,0.014770508
-0.07980551312554225,0.012257274136143382,0.40089280299625474,-0.07802821,0.013003366,-0.00028777958,0.033934508,0.005884595,0.9994068,0.99910605,-0.02542626,-0.033774585,-0.025212424,-0.9996594,0.006742161,0.3591302490234375,-0.3064578125,11.190498559570312,0.5829247,0.028401338,17.244143,0.0146484375
-0.0863338439154447,0.006128637068071691,0.28324961753740036,-0.07802821,0.013003366,-0.00028777958,0.033957433,0.0057508256,0.9994068,0.9989981,-0.02936319,-0.033774585,-0.029151538,-0.9995523,0.006742161,0.36391865234375,-0.30885201416015623,11.329362255859374,0.5882556,0.023877138,17.4101,0.0146484375
-0.0816707504940858,0.016120980113840753,0.1865237368543558,-0.07802821,0.013003366,-0.00028777958,0.033972435,0.005661526,0.9994068,0.99891734,-0.031989608,-0.03377458,-0.031779416,-0.9994722,0.006742161,0.29927520751953124,-0.09816226806640624,11.207257971191405,0.5926395,0.023877138,17.57427,0.0146484375
-0.08180398173469605,0.009459418083328047,0.14868606452104366,-0.07802821,0.013003366,-0.00028777958,0.033985168,0.005584591,0.9994068,0.9988425,-0.03425128,-0.033774585,-0.034042343,-0.9993977,0.006742161,0.4285620971679687,0.3112462158203125,11.257536206054686,0.59891725,0.02843641,17.739176,0.0146484375
-0.08300306290018834,0.009725880564548555,0.2363522208425909,-0.07802821,0.013003366,-0.00028777958,0.034005694,0.005458207,0.9994068,0.9987081,-0.0379644,-0.03377458,-0.037757535,-0.99926424,0.006742161,0.469263525390625,0.565031591796875,11.240776794433593,0.6058485,0.036782213,17.905209,0.014770508
-0.09019754989314206,0.01438897398590745,0.3385405823906558,-0.07802821,0.013003366,-0.00028777958,0.03403314,0.0052843774,0.9994068,0.9985011,-0.043066982,-0.03377458,-0.04286296,-0.99905825,0.006742161,0.3902548706054687,0.2825157958984375,11.286266625976562,0.6115651,0.040920626,18.070536,0.0146484375
-0.08500153150934216,0.004263399699528133,0.37158193006199886,-0.07802821,0.013003366,-0.00028777958,0.034061577,0.0050978465,0.9994068,0.99825025,-0.048536666,-0.033774585,-0.048335694,-0.99880844,0.006742161,0.40462008056640625,0.0143652099609375,11.286266625976562,0.61749214,0.040920626,18.235863,0.0146484375
-0.0868667688778857,0.009326186842717792,0.34347013829323525,-0.07802821,0.013003366,-0.00028777958,0.034086373,0.0049293246,0.9994068,0.997998,-0.05347316,-0.033774585,-0.053274952,-0.99855715,0.006742161,0.3711012573242187,-0.09576806640624999,11.168950744628905,0.6229282,0.040920626,18.399471,0.0146484375
-0.08753292508093698,0.01052526800821008,0.29843797896696933,-0.07802821,0.013003366,-0.00028777958,0.034107123,0.004783642,0.9994068,0.9977604,-0.05773673,-0.033774585,-0.057540912,-0.9983204,0.006742161,0.39743747558593745,-0.1292868896484375,11.168950744628905,0.62879854,0.040920626,18.564442,0.014770508
-0.08393568158446013,0.00866003063966652,0.2467442576101907,-0.07802821,0.013003366,-0.00028777958,0.03412382,0.0046630553,0.9994068,0.99755,-0.061263096,-0.03377458,-0.06106927,-0.9981108,0.006742161,0.3495534423828125,-0.047884033203124995,11.235988391113281,0.6339616,0.040920626,18.730402,0.014770508
-0.08180398173469605,0.009459418083328047,0.26606278749867757,-0.07802821,0.013003366,-0.00028777958,0.03414192,0.0045286156,0.9994068,0.9973011,-0.06519168,-0.033774585,-0.06500006,-0.9978625,0.006742161,0.44053310546874996,0.469263525390625,11.118672509765624,0.6404147,0.047794603,18.893272,0.0146484375
-0.08353598786262936,0.005062787143189658,0.3489326191582557,-0.07802821,0.013003366,-0.00028777958,0.034165844,0.004344434,0.9994068,0.99693495,-0.07056884,-0.03377458,-0.07038025,-0.9974975,0.006742161,0.41898529052734373,0.5530605834960938,11.190498559570312,0.6465522,0.055896077,19.057196,0.0146484375
-0.08433537530629089,0.011191424211261349,0.449788668300218,-0.07802821,0.013003366,-0.00028777958,0.03419385,0.003892897,0.9994077,0.99643207,-0.07733875,-0.033790793,-0.0771614,-0.9969973,0.0065235156,0.3687070556640625,0.3687070556640625,11.240776794433593,0.65195316,0.06129706,19.221855,0.0146484375
-0.08100459429103453,0.009725880564548555,0.5202679945830425,-0.07802821,0.013003366,-0.00028777958,0.034222882,0.0036288383,0.9994077,0.99580544,-0.08502792,-0.033790797,-0.08485493,-0.996372,0.0065235156,0.3280056274414062,0.2346317626953125,11.221623181152344,0.65675795,0.06473405,19.386234,0.0146484375
-0.08726646259971647,0.012523736617363892,0.5615696791722213,-0.07802821,0.013003366,-0.00028777958,0.03425157,0.0033472502,0.9994077,0.9950724,-0.093215026,-0.033790797,-0.0930467,-0.9956404,0.0065235156,0.28490999755859375,0.047884033203124995,11.334150659179686,0.6609314,0.06473405,19.552261,0.0146484375
-0.10045635542013163,0.009059724361497283,0.575558959436298,-0.07802821,0.013003366,-0.00028777958,0.03427768,0.0027936245,0.99940854,0.9942438,-0.10166447,-0.033816364,-0.101509854,-0.9948149,0.0062623643,0.430956298828125,0.03591302490234375,11.283872424316405,0.6672968,0.06473405,19.71893,0.014770508
-0.09113016857741385,0.013856049023466432,0.5625022978564931,-0.07802821,0.013003366,-0.00028777958,0.03429868,0.0023078336,0.9994091,0.9933732,-0.10983904,-0.0338379,-0.109696016,-0.99394673,0.006059872,0.3064578125,-0.076614453125,11.341333264160156,0.67178595,0.06473405,19.885061,0.0146484375
-0.09339509966778817,0.011191424211261349,0.5471807051863139,-0.07802821,0.013003366,-0.00028777958,0.034516174,0.002032367,0.99940217,0.99245524,-0.11778833,-0.034036722,-0.11764872,-0.9930367,0.006082634,0.488417138671875,0.1005564697265625,11.221623181152344,0.6789405,0.06473405,20.04944,0.0146484375
-0.09566003075816248,0.007860643196004996,0.5546416546604881,-0.07802821,0.013003366,-0.00028777958,0.034530826,0.0015206952,0.9994026,0.99145,-0.12596226,-0.034064393,-0.1258352,-0.9920339,0.0058572725,0.3016694091796875,0.229843359375,11.324573852539062,0.68335944,0.06810089,20.215328,0.0146484375
-0.09699234316426504,0.018785604926045835,0.6280520682367381,-0.07802821,0.013003366,-0.00028777958,0.03454239,0.00095791725,0.9994029,0.9902318,-0.13519791,-0.034095827,-0.13508451,-0.9908182,0.0056186174,0.316034619140625,0.2059013427734375,11.326968054199218,0.6879889,0.07111703,20.38125,0.0146484375
-0.10125574286379316,0.008127105677225504,0.7115880560993675,-0.07802821,0.013003366,-0.00028777958,0.03454968,0.0004201653,0.999403,0.9887463,-0.14565928,-0.03412004,-0.14555797,-0.98933476,0.0054479167,0.3854664672851562,0.3232172241210937,11.202469567871093,0.69363534,0.07585166,20.54535,0.0146484375
-0.07687442583211665,0.007860643196004996,0.769543645764828,-0.07802821,0.013003366,-0.00028777958,0.034550827,-0.00021757977,0.999403,0.98703325,-0.15683968,-0.034157332,-0.15675347,-0.9876241,0.0052041807,0.3854664672851562,0.2059013427734375,11.156979736328124,0.6992818,0.07886779,20.708782,0.0146484375
-0.0814042880128653,0.005595712105630674,0.7702098019678792,-0.07802821,0.013003366,-0.00028777958,0.034545857,-0.00062518264,0.999403,0.9851142,-0.16847342,-0.034157332,-0.1683942,-0.98570603,0.0052041807,0.32082302246093747,0.13646949462890623,11.168950744628905,0.70421636,0.07886779,20.88057,0.015380859
-0.08420214406568063,0.013323124061025418,0.7462281786580336,-0.07802821,0.013003366,-0.00028777958,0.034536418,-0.0010212327,0.999403,0.9831178,-0.17975734,-0.034157332,-0.17968489,-0.98371047,0.0052041807,0.3327940307617187,0.016759411621093748,11.020510241699219,0.709335,0.07886779,21.050074,0.015380859
-0.08286983165957809,0.012523736617363892,0.7622159275312641,-0.07802821,0.013003366,-0.00028777958,0.034521904,-0.0014300954,0.999403,0.98092043,-0.19138551,-0.034157332,-0.19132009,-0.9815139,0.0052041807,0.22744915771484372,0.181959326171875,11.118672509765624,0.7128334,0.07886779,21.221088,0.015380859
-0.07847320071943971,0.010125574286379316,0.8630719766732265,-0.07802821,0.013003366,-0.00028777958,0.0344991,-0.0019023627,0.999403,0.9782097,-0.2047906,-0.034157332,-0.20473331,-0.978804,0.0052041807,0.1484405029296875,0.32561142578124996,11.305420239257812,0.7128334,0.083915725,21.396355,0.01550293
