GyroX,GyroY,GyroZ,ExpGravityX,ExpGravityY,ExpGravityZ,ExpOxX,ExpOxY,ExpOxZ,ExpOyX,ExpOyY,ExpOyZ,AccX,AccY,AccZ,AccNoiseX,AccNoiseY,AccNoiseZ,ExpSpeedX,ExpSpeedY,ExpSpeedZ,dT
0.0,0.0,0.0,0.10018468,-0.0058975965,0.99495137,0.9949689,0.0005938365,-0.10018292,0.0,-0.9999825,-0.005927419,0.005698298835754345,0.0425210122525692,0.04927365264892458,2.8491494178771725e-05,0.000212605061262846,0.0002463682632446229,0.0,0.0,0.0,0.0051727295
0.0,0.0,0.0,0.10018468,-0.0058975965,0.99495137,0.9949689,0.0005938365,-0.10018292,0.0,-0.9999825,-0.005927419,-0.035003129386901866,-0.036487642532587045,-0.008187187194824475,-0.00014666661022663148,2.9103823293596514e-05,0.00020420048595427742,0.0,0.0,0.0,0.020347595
0.0,0.0,0.0,0.10018468,-0.0058975965,0.99495137,0.9949689,0.0005938365,-0.10018292,0.0,-0.9999825,-0.005927419,-0.001484306144714398,0.023367398971319203,-0.008187187194824475,-0.0001533548078990703,0.00014579529903372456,0.00016224354755038365,0.0,0.0,0.0,0.017326355
0.0,0.0,0.0,0.10018468,-0.0058975965,0.99495137,0.9949689,0.0005938365,-0.10018292,0.0,-0.9999825,-0.005927419,-0.03979153270721436,-0.012545625931024554,-0.020158195495605824,-0.00035154569739564675,8.233819288343317e-05,6.0641352334602606e-05,0.0,0.0,0.0,0.017333984
0.0,0.0,0.0,0.10018468,-0.0058975965,0.99495137,0.9949689,0.0005938365,-0.10018292,0.0,-0.9999825,-0.005927419,-0.03021472606658937,-0.04606444917321205,0.0061780227661127896,-0.0005008615992416153,-0.00014839574394704425,9.122825940349353e-05,0.0,0.0,0.0,0.017250061
0.0,0.0,0.0,0.10018468,-0.0058975965,0.99495137,0.9949689,0.0005938365,-0.10018292,0.0,-0.9999825,-0.005927419,0.024851912117004327,0.02576160063147545,-0.05367701873779396,-0.00037409773066038565,-1.8845762069931763e-05,-0.0001776129755824937,0.0,0.0,0.0,0.017234802
0.0,0.0,0.0,0.10018468,-0.0058975965,0.99495137,0.9949689,0.0005938365,-0.10018292,0.0,-0.9999825,-0.005927419,0.0033040971755980975,0.016184793990850453,-0.02255239715576174,-0.00035570675612909327,6.217243669467016e-05,-0.00028948689648338995,0.0,0.0,0.0,0.01737976
0.0,0.0,0.0,0.10018468,-0.0058975965,0.99495137,0.9949689,0.0005938365,-0.10018292,0.0,-0.9999825,-0.005927419,0.005698298835754345,-0.036487642532587045,0.04927365264892458,-0.00032543672816967605,-0.00012057663815173844,-4.16711987563501e-05,0.0,0.0,0.0,0.016845703
0.0,0.0,0.0,0.10018468,-0.0058975965,0.99495137,0.9949689,0.0005938365,-0.10018292,0.0,-0.9999825,-0.005927419,-0.0038785078048706456,-0.03169923921227455,0.0061780227661127896,-0.0003432020835531809,-0.0002784699510223525,-1.0572728932004397e-05,0.0,0.0,0.0,0.016860962
0.0,0.0,0.0,0.10018468,-0.0058975965,0.99495137,0.9949689,0.0005938365,-0.10018292,0.0,-0.9999825,-0.005927419,0.07034174365997314,0.0281558022916317,0.0325142410278314,1.0222645164450724e-05,-0.00013629858980908222,0.00015205133985181265,0.0,0.0,0.0,0.016868591
0.0,0.0,0.0,0.10018468,-0.0058975965,0.99495137,0.9949689,0.0005938365,-0.10018292,0.0,-0.9999825,-0.005927419,-0.006272709465026893,-0.02691083589196204,-0.06804222869873122,-2.1192015386505997e-05,-0.00027017127631984703,-0.00018892006034110253,0.0,0.0,0.0,0.016868591
0.0,0.0,0.0,0.10018468,-0.0058975965,0.99495137,0.9949689,0.0005938365,-0.10018292,0.0,-0.9999825,-0.005927419,-0.03260892772674562,-0.005363020950555797,-0.01297559051513808,-0.00018413069394330154,-0.00029563552469102683,-0.00025285341261508743,0.0,0.0,0.0,0.017326355
0.0,0.0,0.0,0.10018468,-0.0058975965,0.99495137,0.9949689,0.0005938365,-0.10018292,0.0,-0.9999825,-0.005927419,0.03921712207794181,0.0808282388150692,-0.020158195495605824,1.2875569916124033e-05,0.00010998384700777432,-0.00035238012303004114,0.0,0.0,0.0,0.016899109
0.0,0.0,0.0,0.10018468,-0.0058975965,0.99495137,0.9949689,0.0005938365,-0.10018292,0.0,-0.9999825,-0.005927419,-0.05415674266815196,-0.002968819290399549,0.04209104766845684,-0.00025797252127421637,9.45898313207377e-05,-0.00014016298407260676,0.0,0.0,0.0,0.016990662
0.0,0.0,0.0,0.10018468,-0.0058975965,0.99495137,0.9949689,0.0005938365,-0.10018292,0.0,-0.9999825,-0.005927419,-0.03260892772674562,-0.0293050375521183,0.025331636047361883,-0.0004197272973015734,-5.240830559645751e-05,-1.2803988915434302e-05,0.0,0.0,0.0,0.016937256
0.0,0.0,0.0,0.10018468,-0.0058975965,0.99495137,0.9949689,0.0005938365,-0.10018292,0.0,-0.9999825,-0.005927419,-0.03260892772674562,-0.022122432571649545,-0.01776399383544991,-0.0005806732994487935,-0.00016275842692672294,-0.00010155993814810668,0.0,0.0,0.0,0.016860962
0.0,0.0,0.0,0.10018468,-0.0058975965,0.99495137,0.9949689,0.0005938365,-0.10018292,0.0,-0.9999825,-0.005927419,0.07991855030059813,0.03533840727210045,0.07321566925048728,-0.00017817718144855888,1.4747401568412921e-05,0.0002650262077950703,0.0,0.0,0.0,0.016845703
0.0,0.0,0.0,0.10018468,-0.0058975965,0.99495137,0.9949689,0.0005938365,-0.10018292,0.0,-0.9999825,-0.005927419,0.048793928718566804,0.0066079873502254485,0.03012003936767549,6.668334805151794e-05,4.77136013116981e-05,0.0004143012735944724,0.0,0.0,0.0,0.016860962
0.0,0.0,0.0,0.10018468,-0.0058975965,0.99495137,0.9949689,0.0005938365,-0.10018292,0.0,-0.9999825,-0.005927419,-0.0038785078048706456,-0.02691083589196204,0.010966426086424619,4.6957392286907125e-05,-8.70791461546706e-05,0.0004670618976586231,0.0,0.0,0.0,0.016937256
0.0,0.0,0.0,0.10018468,-0.0058975965,0.99495137,0.9949689,0.0005938365,-0.10018292,0.0,-0.9999825,-0.005927419,0.03442871875762932,-0.019728230911493297,0.010966426086424619,0.0002188661991136192,-0.00018528490498136374,0.0005195587186024531,0.0,0.0,0.0,0.016845703
0.0,0.0,0.0,0.10018468,-0.0058975965,0.99495137,0.9949689,0.0005938365,-0.10018292,0.0,-0.9999825,-0.005927419,-0.001484306144714398,0.0329442056119442,-0.04649441375732444,0.0002103503373944791,-1.9637452396735906e-05,0.0002844888562228186,0.0,0.0,0.0,0.016830444
0.0,0.0,0.0,0.10018468,-0.0058975965,0.99495137,0.9949689,0.0005938365,-0.10018292,0.0,-0.9999825,-0.005927419,-0.027820524406433123,-0.0077572226107120446,0.015754829406738224,7.019596367534108e-05,-5.832537818831245e-05,0.0003618405589753957,0.0,0.0,0.0,0.016815186
0.0,0.0,0.0,0.10018468,-0.0058975965,0.99495137,0.9949689,0.0005938365,-0.10018292,0.0,-0.9999825,-0.005927419,0.0009098955154418498,0.004213785690069201,0.08279247589111272,7.439446143417362e-05,-3.696482284702488e-05,0.0007739937356360823,0.0,0.0,0.0,0.016860962
0.0,0.0,0.0,0.10018468,-0.0058975965,0.99495137,0.9949689,0.0005938365,-0.10018292,0.0,-0.9999825,-0.005927419,-0.03979153270721436,-0.010151424270868292,0.06124466094970593,-0.00012493517440906906,-8.753712008713121e-05,0.0010763470717064317,0.0,0.0,0.0,0.016921997
0.0,0.0,0.0,0.10018468,-0.0058975965,0.99495137,0.9949689,0.0005938365,-0.10018292,0.0,-0.9999825,-0.005927419,0.03442871875762932,0.0329442056119442,0.04687945098876867,4.783309525112288e-05,7.762159357302547e-05,0.0013053625912917428,0.0,0.0,0.0,0.016845703
0.0,0.0,0.0,0.10018468,-0.0058975965,0.99495137,0.9949689,0.0005938365,-0.10018292,0.0,-0.9999825,-0.005927419,0.04161132373809817,0.009002189010381703,-0.04410021209716852,0.0002556505484653581,0.00012224443065706885,0.0010783347178494416,0.0,0.0,0.0,0.016815186
0.0,0.0,0.0,0.10018468,-0.0058975965,0.99495137,0.9949689,0.0005938365,-0.10018292,0.0,-0.9999825,-0.005927419,-0.09485817089080817,0.023367398971319203,-0.02973500213623126,-0.00021991855873100958,0.00023847020336037952,0.000924268033579038,0.0,0.0,0.0,0.016830444
0.0,0.0,0.0,0.10018468,-0.0058975965,0.99495137,0.9949689,0.0005938365,-0.10018292,0.0,-0.9999825,-0.005927419,-0.023032121086120627,0.01139639067053795,-0.01776399383544991,-0.0003339795713679577,0.00029425980569626736,0.0008308267242338932,0.0,0.0,0.0,0.016845703
0.0,0.0,0.0,0.10018468,-0.0058975965,0.99495137,0.9949689,0.0005938365,-0.10018292,0.0,-0.9999825,-0.005927419,-0.04936833934783946,0.044915213912725446,0.07800407257080089,-0.0005791513702503152,0.0005173645762314133,0.0012166929534667282,0.0,0.0,0.0,0.016830444
0.0,0.0,0.0,0.10018468,-0.0058975965,0.99495137,0.9949689,0.0005938365,-0.10018292,0.0,-0.9999825,-0.005927419,0.10146636524200425,0.0066079873502254485,0.025331636047361883,-6.892378718904239e-05,0.0005478176901013834,0.001337267668936204,0.0017030792,0.0,0.0,0.016784668
0.0,0.0,0.0,0.10018468,-0.0058975965,0.99495137,0.9949689,0.0005938365,-0.10018292,0.0,-0.9999825,-0.005927419,-0.046974137687683104,0.04012681059241295,-0.027340800476075344,-0.00030344985669151267,0.0007457126546129413,0.0011938773282111463,0.0017030792,0.0,0.0,0.016815186
0.0,0.0,0.0,0.10018468,-0.0058975965,0.99495137,0.9949689,0.0005938365,-0.10018292,0.0,-0.9999825,-0.005927419,-0.018243717765808132,-0.022122432571649545,-0.01776399383544991,-0.00039315119623709575,0.0006313719284816287,0.001099087972392841,0.0017030792,0.0,0.0,0.016815186
0.0,0.0,0.0,0.10018468,-0.0058975965,0.99495137,0.9949689,0.0005938365,-0.10018292,0.0,-0.9999825,-0.005927419,-0.12358859081268314,0.02097319731116295,0.03490844268798732,-0.001009128394319326,0.0007330810553950354,0.0012681347459708135,-0.00038451495,0.0,0.0,0.01689148
0.0,0.0,0.0,0.10018468,-0.0058975965,0.99495137,0.9949689,0.0005938365,-0.10018292,0.0,-0.9999825,-0.005927419,0.024851912117004327,-0.0293050375521183,0.01336062774658231,-0.0008798231917627078,0.0005828904623574687,0.001328597210973871,-0.00038451495,0.0,0.0,0.016815186
0.0,0.0,0.0,0.10018468,-0.0058975965,0.99495137,0.9949689,0.0005938365,-0.10018292,0.0,-0.9999825,-0.005927419,-0.07091615428924569,-0.0293050375521183,0.02293743438720597,-0.0012300048472501227,0.00043345082228508984,0.0014366413968550315,-0.00038451495,0.0,0.0,0.017318726
0.0,0.0,0.0,0.10018468,-0.0058975965,0.99495137,0.9949689,0.0005938365,-0.10018292,0.0,-0.9999825,-0.005927419,0.027246113777160574,-0.05324705415368079,-0.09437844696044984,-0.0010876242541280692,0.0001650482974052604,0.0009575659550685071,-0.00038451495,0.0,0.0,0.01687622
0.0,0.0,0.0,0.10018468,-0.0058975965,0.99495137,0.9949689,0.0005938365,-0.10018292,0.0,-0.9999825,-0.005927419,-0.046974137687683104,0.016184793990850453,-0.02973500213623126,-0.0013170568212958443,0.00024514702587248637,0.0008041031146120083,-0.00038451495,0.0,0.0,0.016906738
0.0,0.0,0.0,0.10018468,-0.0058975965,0.99495137,0.9949689,0.0005938365,-0.10018292,0.0,-0.9999825,-0.005927419,0.06555334033966065,-0.02691083589196204,-0.008187187194824475,-0.0009827048354910618,0.00010936711128331373,0.0007591466630648258,-0.00038451495,0.0,0.0,0.016815186
0.0,0.0,0.0,0.10018468,-0.0058975965,0.99495137,0.9949689,0.0005938365,-0.10018292,0.0,-0.9999825,-0.005927419,-0.006272709465026893,0.0281558022916317,0.05885045928955002,-0.0010091548586387408,0.00024959928718505566,0.0010496032261972518,-0.00038451495,0.0,0.0,0.016784668
0.0,0.0,0.0,0.10018468,-0.0058975965,0.99495137,0.9949689,0.0005938365,-0.10018292,0.0,-0.9999825,-0.005927419,0.027246113777160574,-0.022122432571649545,0.015754829406738224,-0.0008678785154597442,0.00013773912789088268,0.0011231293570999566,-0.00038451495,0.0,0.0,0.016830444
0.0,0.0,0.0,0.10018468,-0.0058975965,0.99495137,0.9949689,0.0005938365,-0.10018292,0.0,-0.9999825,-0.005927419,-0.001484306144714398,0.016184793990850453,0.09476348419189407,-0.0008709606536060174,0.0002179744022056805,0.0015913311312739271,-0.00038451495,0.0,0.0,0.016799927
0.0,0.0,0.0,0.10018468,-0.0058975965,0.99495137,0.9949689,0.0005938365,-0.10018292,0.0,-0.9999825,-0.005927419,0.0033040971755980975,0.0281558022916317,-0.01776399383544991,-0.0008500853644599968,0.00035766354165281064,0.001494554506440308,-0.00038451495,0.0,0.0,0.016830444
0.0,0.0,0.0,0.10018468,-0.0058975965,0.99495137,0.9949689,0.0005938365,-0.10018292,0.0,-0.9999825,-0.005927419,-0.05415674266815196,0.04970361723303795,0.027725837707519574,-0.0011166186509784567,0.0006043933101097363,0.0016257109224457043,-0.00038451495,0.0,0.0,0.016860962
0.0,0.0,0.0,0.10018468,-0.0058975965,0.99495137,0.9949689,0.0005938365,-0.10018292,0.0,-0.9999825,-0.005927419,0.036822920417785676,-0.04127604585289954,0.02293743438720597,-0.000926920955634636,0.00039499111429468995,0.0017322695397695056,-0.00038451495,0.0,0.0,0.016799927
0.0,0.0,0.0,0.10018468,-0.0058975965,0.99495137,0.9949689,0.0005938365,-0.10018292,0.0,-0.9999825,-0.005927419,-0.05176254100799571,-0.012545625931024554,0.0061780227661127896,-0.0011810990558964415,0.0003302880290680937,0.001754498305901222,-0.00038451495,0.0,0.0,0.016784668
0.0,0.0,0.0,0.10018468,-0.0058975965,0.99495137,0.9949689,0.0005938365,-0.10018292,0.0,-0.9999825,-0.005927419,0.07513014698028564,-0.019728230911493297,0.010966426086424619,-0.000799542825715531,0.00022999543436528678,0.001800557944803839,-0.00038451495,0.0,0.0,0.016830444
0.0,0.0,0.0,0.10018468,-0.0058975965,0.99495137,0.9949689,0.0005938365,-0.10018292,0.0,-0.9999825,-0.005927419,-0.06373354930877695,0.0066079873502254485,0.01814903106689414,-0.0011142128581308381,0.00026188539394458757,0.0018823003104142906,-0.00038451495,0.0,0.0,0.01687622
0.0,0.0,0.0,0.10018468,-0.0058975965,0.99495137,0.9949689,0.0005938365,-0.10018292,0.0,-0.9999825,-0.005927419,0.027246113777160574,-0.0077572226107120446,0.03012003936767549,-0.0009724112249543811,0.0002217898539213044,0.0020234890057005965,-0.00038451495,0.0,0.0,0.016815186
0.0,0.0,0.0,0.10018468,-0.0058975965,0.99495137,0.9949689,0.0005938365,-0.10018292,0.0,-0.9999825,-0.005927419,-0.07091615428924569,-0.0005746176302433015,0.020543232727050054,-0.0013221299402758377,0.00021780781650048139,0.002116087724307344,-0.00038451495,0.0,0.0,0.016830444
0.0,0.0,0.0,0.10018468,-0.0058975965,0.99495137,0.9949689,0.0005938365,-0.10018292,0.0,-0.9999825,-0.005927419,0.03203451709747307,0.0066079873502254485,0.0013896194458009603,-0.0011553467050870931,0.0002497587141691062,0.0021124553829148123,-0.00038451495,0.0,0.0,0.016799927
0.0,0.0,0.0,0.10018468,-0.0058975965,0.99495137,0.9949689,0.0005938365,-0.10018292,0.0,-0.9999825,-0.005927419,-0.006272709465026893,-0.0819774740755558,0.025331636047361883,-0.001180933518886792,-0.00016137744977951835,0.0022285512862370476,-0.00038451495,0.0,0.0,0.016845703
0.0,0.0,0.0,0.10018468,-0.0058975965,0.99495137,0.9949689,0.0005938365,-0.10018292,0.0,-0.9999825,-0.005927419,0.07513014698028564,0.004213785690069201,-0.032129203796387173,-0.0007993781163909298,-0.00013950163408027477,0.0020567625108239267,-0.00038451495,0.0,0.0,0.016830444
0.0,0.0,0.0,0.10018468,-0.0058975965,0.99495137,0.9949689,0.0005938365,-0.10018292,0.0,-0.9999825,-0.005927419,-0.07570455760955819,0.03533840727210045,0.01814903106689414,-0.001173904013856766,3.7887910450628854e-05,0.0021372238536042777,-0.00038451495,0.0,0.0,0.016799927
0.0,0.0,0.0,0.10018468,-0.0058975965,0.99495137,0.9949689,0.0005938365,-0.10018292,0.0,-0.9999825,-0.005927419,0.03442871875762932,0.059280423873662946,0.08997508087158224,-0.0009958908999993356,0.00033410059026669044,0.0025764131386941673,-0.00038451495,0.0,0.0,0.016784668
0.0,0.0,0.0,0.10018468,-0.0058975965,0.99495137,0.9949689,0.0005938365,-0.10018292,0.0,-0.9999825,-0.005927419,-0.09964657421112066,0.009002189010381703,0.0803982742309568,-0.0014891443165549424,0.0003774410323672655,0.0029655224441554806,-0.00038451495,0.0,0.0,0.016845703
0.0,0.0,0.0,0.10018468,-0.0058975965,0.99495137,0.9949689,0.0005938365,-0.10018292,0.0,-0.9999825,-0.005927419,0.008092500495910593,0.06885723051428795,0.01336062774658231,-0.0014412360924926147,0.0007198399797768689,0.003017497970667615,-0.00038451495,0.0,0.0,0.01689148
0.0,0.0,0.0,0.10018468,-0.0058975965,0.99495137,0.9949689,0.0005938365,-0.10018292,0.0,-0.9999825,-0.005927419,-0.015849516105651884,-0.01733402925133705,0.02293743438720597,-0.001513277492558411,0.0006295706336212994,0.0031170976527503066,-0.00038451495,0.0,0.0,0.016784668
0.0,0.0,0.0,0.10018468,-0.0058975965,0.99495137,0.9949689,0.0005938365,-0.10018292,0.0,-0.9999825,-0.005927419,-0.011061112785339389,0.016184793990850453,0.1043402908325195,-0.001561016669022316,0.0007073467504074451,0.0036232136186491524,-0.00038451495,0.0,0.0017545014,0.016815186
0.0,0.0,0.0,0.10018468,-0.0058975965,0.99495137,0.9949689,0.0005938365,-0.10018292,0.0,-0.9999825,-0.005927419,-0.14034800243377688,0.03533840727210045,0.03490844268798732,-0.0022549515978460884,0.0008805020530159102,0.003779639763995843,-0.002808739,0.0,0.0017545014,0.01727295
0.0,0.0,0.0,0.10018468,-0.0058975965,0.99495137,0.9949689,0.0005938365,-0.10018292,0.0,-0.9999825,-0.005927419,0.02245771045684808,0.06406882719397544,0.03012003936767549,-0.0021313882875726177,0.0011964436787207078,0.003911341762014241,-0.002808739,0.0,0.0017545014,0.016845703
0.0,0.0,0.0,0.10018468,-0.0058975965,0.99495137,0.9949689,0.0005938365,-0.10018292,0.0,-0.9999825,-0.005927419,-0.03739733104705811,0.0066079873502254485,0.02293743438720597,-0.0023077180013700454,0.0012235013970782315,0.0040064722251401995,-0.002808739,0.0,0.0017545014,0.016845703
0.0,0.0,0.0,0.10018468,-0.0058975965,0.99495137,0.9949689,0.0005938365,-0.10018292,0.0,-0.9999825,-0.005927419,0.08470695362091063,0.004213785690069201,-0.008187187194824475,-0.0018726446432586418,0.0012384528185431865,0.003945503928040376,-0.002808739,0.0,0.0017545014,0.01675415
0.0,0.0,0.0,0.10018468,-0.0058975965,0.99495137,0.9949689,0.0005938365,-0.10018292,0.0,-0.9999825,-0.005927419,-0.006272709465026893,-0.0340934408724308,0.04687945098876867,-0.001894644967367483,0.0010617933500883165,0.004160173663344017,-0.002808739,0.0,0.0017545014,0.016799927
0.0,0.0,0.0,0.10018468,-0.0058975965,0.99495137,0.9949689,0.0005938365,-0.10018292,0.0,-0.9999825,-0.005927419,0.1086489702224731,0.04970361723303795,0.003783821105956875,-0.0013419268914182801,0.0013050024695030649,0.004158291900557082,-0.0009801285,0.0,0.0017545014,0.016830444
0.0,0.0,0.0,0.10018468,-0.0058975965,0.99495137,0.9949689,0.0005938365,-0.10018292,0.0,-0.9999825,-0.005927419,-0.04218573436737061,0.0018195840299129531,0.05885045928955002,-0.0015461459287980418,0.0013075753773051143,0.004431752737502046,-0.0009801285,0.0,0.0017545014,0.016967773
0.0,0.0,0.0,0.10018468,-0.0058975965,0.99495137,0.9949689,0.0005938365,-0.10018292,0.0,-0.9999825,-0.005927419,0.0535823320388793,0.0066079873502254485,0.0061780227661127896,-0.001270503538959655,0.001334077437169716,0.0044404840876451,-0.0009801285,0.0,0.0017545014,0.016830444
0.0,0.0,0.0,0.10018468,-0.0058975965,0.99495137,0.9949689,0.0005938365,-0.10018292,0.0,-0.9999825,-0.005927419,-0.03739733104705811,0.0377326089322567,-0.020158195495605824,-0.0014511376765001473,0.0015160700946451509,0.0043174906897288454,-0.0009801285,0.0,0.0017545014,0.016860962
0.0,0.0,0.0,0.10018468,-0.0058975965,0.99495137,0.9949689,0.0005938365,-0.10018292,0.0,-0.9999825,-0.005927419,0.06315913867950429,-0.01733402925133705,0.05166785430908227,-0.001128086294720125,0.0014218195979152398,0.004554242507825613,-0.0009801285,0.0,0.0017545014,0.016784668
0.0,0.0,0.0,0.10018468,-0.0058975965,0.99495137,0.9949689,0.0005938365,-0.10018292,0.0,-0.9999825,-0.005927419,-0.08767556591033943,-0.012545625931024554,-0.008187187194824475,-0.0015608236927982214,0.0013519823702705408,0.004490535359312362,-0.0009801285,0.0,0.0017545014,0.016830444
0.0,0.0,0.0,0.10018468,-0.0058975965,0.99495137,0.9949689,0.0005938365,-0.10018292,0.0,-0.9999825,-0.005927419,0.048793928718566804,0.0185789956510067,-0.01058138885498039,-0.0013090499307413961,0.0014381174366742216,0.0044151757382408984,-0.0009801285,0.0,0.0017545014,0.016860962
0.0,0.0,0.0,0.10018468,-0.0058975965,0.99495137,0.9949689,0.0005938365,-0.10018292,0.0,-0.9999825,-0.005927419,-0.056550944328308206,-0.06521806245446204,0.04927365264892458,-0.0015852594027292303,0.0011048365372185402,0.004639468122794316,-0.0009801285,0.0,0.0017545014,0.016784668
0.0,0.0,0.0,0.10018468,-0.0058975965,0.99495137,0.9949689,0.0005938365,-0.10018292,0.0,-0.9999825,-0.005927419,-0.05415674266815196,-0.024516634231805792,0.008572224426268704,-0.001848116819056344,0.0009767291833734186,0.0046591319043116875,-0.0009801285,0.0,0.0017545014,0.01676941
0.0,0.0,0.0,0.10018468,-0.0058975965,0.99495137,0.9949689,0.0005938365,-0.10018292,0.0,-0.9999825,-0.005927419,0.04639972705841067,-0.0819774740755558,0.04448524932861275,-0.001606877599669009,0.0005619581670787725,0.004858262491433193,-0.0009801285,0.0,0.0017545014,0.016784668
0.0,0.0,0.0,0.10018468,-0.0058975965,0.99495137,0.9949689,0.0005938365,-0.10018292,0.0,-0.9999825,-0.005927419,-0.03739733104705811,0.004213785690069201,0.08518667755126863,-0.0017858298669059544,0.0005802173046937245,0.00525990456673237,-0.0009801285,0.0,0.0017545014,0.016845703
0.0,0.0,0.0,0.10018468,-0.0058975965,0.99495137,0.9949689,0.0005938365,-0.10018292,0.0,-0.9999825,-0.005927419,-0.023032121086120627,-0.050852852493524545,0.010966426086424619,-0.001892061323002028,0.0003230519557026331,0.005288437174330831,-0.0009801285,0.0,0.0017545014,0.016845703
0.0,0.0,0.0,0.10018468,-0.0058975965,0.99495137,0.9949689,0.0005938365,-0.10018292,0.0,-0.9999825,-0.005927419,0.03921712207794181,0.02097319731116295,0.08279247589111272,-0.0016865154059973087,0.0004263026824799347,0.005675957367914741,-0.0009801285,0.0,0.0017545014,0.016784668
0.0,0.0,0.0,0.10018468,-0.0058975965,0.99495137,0.9949689,0.0005938365,-0.10018292,0.0,-0.9999825,-0.005927419,-0.008666911125183141,-0.0077572226107120446,-0.08001323699951257,-0.0017214173845932377,0.0003853850560139748,0.005247511396077605,-0.0009801285,0.0,0.0017545014,0.01676941
0.0,0.0,0.0,0.10018468,-0.0058975965,0.99495137,0.9949689,0.0005938365,-0.10018292,0.0,-0.9999825,-0.005927419,-0.11880018749237065,-0.010151424270868292,0.02293743438720597,-0.002306811235132125,0.00033270100937956345,0.0053359610110332465,-0.002968712,0.0,0.0017545014,0.016738892
0.0,0.0,0.0,0.10018468,-0.0058975965,0.99495137,0.9949689,0.0005938365,-0.10018292,0.0,-0.9999825,-0.005927419,0.03442871875762932,0.0329442056119442,0.08518667755126863,-0.0021231335851683176,0.0004957585323923867,0.005735214593734423,-0.002968712,0.0,0.0017545014,0.016815186
0.0,0.0,0.0,0.10018468,-0.0058975965,0.99495137,0.9949689,0.0005938365,-0.10018292,0.0,-0.9999825,-0.005927419,-0.08288716259002693,-0.022122432571649545,-0.0033987838745126453,-0.0025269537301926106,0.000382667576872177,0.005689544601393188,-0.002968712,0.0,0.0017545014,0.016845703
0.0,0.0,0.0,0.10018468,-0.0058975965,0.99495137,0.9949689,0.0005938365,-0.10018292,0.0,-0.9999825,-0.005927419,0.03442871875762932,0.004213785690069201,0.0013896194458009603,-0.0023421753677535006,0.0004018231674381621,0.005668044975615227,-0.002968712,0.0,0.0017545014,0.01675415
0.0,0.0,0.0,0.10018468,-0.0058975965,0.99495137,0.9949689,0.0005938365,-0.10018292,0.0,-0.9999825,-0.005927419,0.017669307136535584,0.016184793990850453,0.04448524932861275,-0.002242117955232055,0.00048073802155522357,0.005862130997380215,-0.002968712,0.0,0.0017545014,0.017364502
0.0,0.0,0.0,0.10018468,-0.0058975965,0.99495137,0.9949689,0.0005938365,-0.10018292,0.0,-0.9999825,-0.005927419,0.02245771045684808,0.016184793990850453,0.0756098709106432,-0.002118618813171654,0.0005592583014016997,0.00621086969694653,-0.002968712,0.0,0.0017545014,0.016906738
0.0,0.0,0.0,0.10018468,-0.0058975965,0.99495137,0.9949689,0.0005938365,-0.10018292,0.0,-0.9999825,-0.005927419,0.024851912117004327,0.0185789956510067,-0.0033987838745126453,-0.0019837661585207743,0.0006493569881497246,0.006162821429089234,-0.002968712,0.0,0.0017545014,0.01687622
0.0,0.0,0.0,0.10018468,-0.0058975965,0.99495137,0.9949689,0.0005938365,-0.10018292,0.0,-0.9999825,-0.005927419,-0.06852195262908944,-0.019728230911493297,-0.11353206024169893,-0.0023164570908736177,0.0005474690486515096,0.0055643470207352936,-0.002968712,0.0,-0.00015456129,0.016815186
0.0,0.0,0.0,0.10018468,-0.0058975965,0.99495137,0.9949689,0.0005938365,-0.10018292,0.0,-0.9999825,-0.005927419,0.012880903816223088,-0.010151424270868292,-0.039311808776856694,-0.0022404702863381342,0.0004939745820539106,0.005339966241747334,-0.002968712,0.0,-0.00015456129,0.01676941
0.0,0.0,0.0,0.10018468,-0.0058975965,0.99495137,0.9949689,0.0005938365,-0.10018292,0.0,-0.9999825,-0.005927419,-0.03979153270721436,0.06885723051428795,0.03490844268798732,-0.002428225598442515,0.0008357908617150809,0.005487808623978533,-0.002968712,0.0,-0.00015456129,0.016799927
0.0,0.0,0.0,0.10018468,-0.0058975965,0.99495137,0.9949689,0.0005938365,-0.10018292,0.0,-0.9999825,-0.005927419,-0.08288716259002693,-0.1490151205599308,-0.04170601043701261,-0.0028305202834004372,8.653630460685147e-05,0.0052518395286735775,-0.002968712,-0.0025057169,-0.00015456129,0.016815186
0.0,0.0,-0.20140433,0.10020462,-0.0055589215,0.99495137,0.99496126,0.003957311,-0.10018236,0.0033804262,-0.99997675,-0.005927385,-0.020830263614654565,-0.7221018599927425,0.010966426086424619,-0.002920519000056708,-0.003524405676879895,0.005280412461462333,-0.002968712,-0.014625957,-0.00015456129,0.016784668
0.0,0.0,-0.18861414,0.100222185,-0.005242268,0.99495137,0.99494386,0.007101423,-0.10018187,0.0065403897,-0.9999611,-0.005927355,0.09152775840759264,0.6706633758902549,-0.0033987838745126453,-0.002448277613018461,-0.00015346676904422077,0.005237016479782457,-0.002968712,-0.0033895622,-0.00015456129,0.01675415
0.0,0.0,-0.055782594,0.10022712,-0.005147919,0.99495137,0.9949367,0.008038059,-0.100181825,0.0074817487,-0.99995446,-0.0059273522,0.1321816221237182,0.06880870057344436,0.02293743438720597,-0.0017751281143347777,0.00019134406766822213,0.005325518569319575,-0.00073798577,-0.0033895622,-0.00015456129,0.01687622
0.0,0.0,-0.05858045,0.10023218,-0.00504937,0.99495137,0.9949283,0.009016329,-0.10018178,0.008464954,-0.99994665,-0.0059273494,-0.03785551195144654,0.046310318207740786,0.05166785430908227,-0.0019555300335203367,0.00042193893836858494,0.005557230248018389,-0.00073798577,-0.0033895622,-0.00015456129,0.016784668
0.0,0.0,-0.05658198,0.10023698,-0.0049540056,0.99495137,0.99491936,0.009962937,-0.10018174,0.009416335,-0.99993813,-0.0059273466,-0.018748211479187038,-0.13178046077489852,0.03969684600830092,-0.00203949344074867,-0.00023907306019775056,0.0057279283268198014,-0.00073798577,-0.005605475,-0.00015456129,0.016815186
0.0,0.0,-0.07270296,0.100243025,-0.004831798,0.99495137,0.9949065,0.01117592,-0.10018167,0.010635438,-0.9999259,-0.0059273425,-0.03077751312255861,0.1136435389637947,0.0013896194458009603,-0.0021831835391577193,0.0003303399999222117,0.005706236782414708,-0.00073798577,-0.00369974,-0.00015456129,0.01676941
0.0,0.0,0.0,0.100243025,-0.004831798,0.99495137,0.9949065,0.01117592,-0.10018167,0.010635438,-0.9999259,-0.0059273425,0.0793557632446289,0.02984648085832596,0.04687945098876867,-0.0017754888052387862,0.00047792070421423045,0.005912102853446477,-0.00073798577,-0.00369974,-0.00015456129,0.016784668
0.0,0.0,-0.052052118,0.10024726,-0.004743979,0.99495137,0.99489623,0.012047512,-0.100181624,0.01151143,-0.99991626,-0.00592734,-0.13137481203079227,-0.08113387064337729,0.027725837707519574,-0.0024234854213665536,6.986174747627283e-05,0.006021171527716843,-0.0029490823,-0.00369974,-0.00015456129,0.016830444
0.0,0.0,0.0,0.10024726,-0.004743979,0.99495137,0.99489623,0.012047512,-0.100181624,0.01151143,-0.99991626,-0.00592734,-0.253479096698761,0.6179730141222477,0.010966426086424619,-0.003678763477753526,0.00315937750935013,0.006045897800510382,-0.007215248,0.0067010205,-0.00015456129,0.016830444
0.0,0.0,0.0,0.10024726,-0.004743979,0.99495137,0.99489623,0.012047512,-0.100181624,0.01151143,-0.99991626,-0.00592734,-0.04278935060501099,0.33785141988396644,0.09236928253173815,-0.0038743164133898133,0.004832837721223211,0.00647751472416652,-0.007215248,0.012402676,-0.00015456129,0.01687622
0.118908875,0.0,0.0,0.10024726,-0.0027527935,0.99496084,0.99489623,0.01184702,-0.100205734,0.011511407,-0.9999261,-0.0039262106,0.0673439257621764,0.00021629870533943288,0.08509512481689363,-0.0035182252025119823,0.004809755026143792,0.006870602774630156,-0.007215248,0.012402676,-0.00015456129,0.016830444
0.08946477,0.053018037,0.0,0.09936266,-0.0012600822,0.9950541,0.994985,0.01169668,-0.09933893,0.0115148835,-0.9999308,-0.0024158126,0.21713440742492662,-0.2751498715132475,0.4983926971435544,-0.0024149620393747896,0.003409956893446835,0.009328213246474776,-0.0035740323,0.0077885753,0.00820319,0.01676941
0.0558905,0.06687409,-0.0809633,0.09824949,-0.00019353302,0.99516666,0.995079,0.012953309,-0.09823494,0.012873951,-0.99991614,-0.0014665761,0.32124551248550404,0.40409263305068016,0.1980312545776357,-0.0007966596667503955,0.005413370274233002,0.01027172845313058,0.0018081632,0.014558804,0.011521035,0.01675415
0.112913474,0.0,-0.07403527,0.098249726,0.001816438,0.995167,0.9950623,0.014004622,-0.09825945,0.014117597,-0.9999003,0.0004302018,0.10576503849029528,0.0734589150071144,-0.3646089965820316,-0.0002638511759651671,0.005753597997897409,0.008397324827954768,0.0035850082,0.014558804,0.0053956304,0.016799927
0.0725444,0.0,-0.09641813,0.09824676,0.0031984043,0.9951648,0.9950383,0.015507511,-0.09827652,0.015748987,-0.9998746,0.0016576719,-0.24375979366302492,-0.50729685934484,-0.07967801818847775,-0.001481330888400466,0.0031883457111837217,0.007956948112872606,-0.00053989433,0.005974328,0.0053956304,0.016921997
0.0,0.0,-0.17582394,0.09823731,0.0034886084,0.9951648,0.99498826,0.018446608,-0.09827611,0.018702365,-0.9998238,0.0016576648,-0.2771874814033509,-0.09350498154759407,-0.2568489410400403,-0.002859861640975218,0.002704879074889833,0.006632918667108041,-0.0051966235,0.005974328,0.0010805869,0.016799927
0.09292878,0.09405326,-0.24457125,0.09664909,0.00544767,0.9953147,0.99505895,0.02238474,-0.09673047,0.022811307,-0.9997345,0.0032495507,-0.2594738131523133,0.5029083994805813,0.07689352111816383,-0.004142931398531909,0.00520589667691829,0.0069842216793633205,-0.009559724,0.0144308265,0.0010805869,0.016815186
0.17433307,0.13428909,-0.2650889,0.09431338,0.008890389,0.9955227,0.9951692,0.026653158,-0.09448667,0.027385043,-0.99960506,0.0063155205,0.1485220773696898,0.01240857388973235,0.09164735565185467,-0.0033796063546908,0.0052419100629823604,0.007407537349225777,-0.006992043,0.0144308265,0.0010805869,0.017288208
0.17180167,0.115903184,-0.25176576,0.092331946,0.012171551,0.9956811,0.9952312,0.030600091,-0.09261988,0.03161179,-0.9994573,0.009261842,0.12932713975906363,-0.06473022879362106,-0.0032552490234376563,-0.002716072624122028,0.0048920493686993435,0.00735422341736246,-0.0048134364,0.0144308265,0.0010805869,0.016845703
0.11757656,0.10044836,-0.17835534,0.090605885,0.014427182,0.9958136,0.99529094,0.03341429,-0.09099155,0.034606896,-0.99933714,0.011300368,0.0741500977516174,-0.10803510253429413,-0.16733888549804732,-0.002331741772243331,0.004327413609184376,0.006480757872785411,-0.0048134364,0.012605954,-0.0017460145,0.01689148
0.05495788,0.13881895,-0.12279791,0.0882516,0.015534529,0.9960118,0.9954298,0.035385188,-0.08869875,0.036643922,-0.9992526,0.012304632,0.22375144014358517,-0.14744663009643555,0.017497680664062543,-0.0012013258626641884,0.0035685433906562764,0.006535842486741797,-0.0010510144,0.010126611,-0.0017460145,0.016815186
0.0,0.24313901,-0.11480403,0.08415693,0.015704585,0.9963719,0.99571353,0.037302952,-0.08463554,0.03851915,-0.9991803,0.012454156,-0.03842220287323006,-0.24724918818473815,0.24386680450439435,-0.0013874302477170177,0.002314454732779304,0.00772249729683006,-0.0010510144,0.0059766155,0.0023472088,0.016784668
0.066548996,0.28510687,-0.1675636,0.079340324,0.017055454,0.99675745,0.99599904,0.04001072,-0.079906814,0.041272055,-0.9990533,0.013755691,-0.2289887904167176,-0.06874307775497437,0.22817742004394503,-0.002525437048562021,0.0019591670703405354,0.008824771910565635,-0.0048980094,0.0059766155,0.006180573,0.016799927
0.1876562,0.24353871,-0.1615682,0.07520088,0.020425396,0.9970293,0.99620736,0.042470723,-0.07594272,0.04393679,-0.99888825,0.017086081,-0.1842727256774903,0.1405659564971924,0.4458213684082022,-0.0034341734917066624,0.002652201017474795,0.011009754893053818,-0.008005025,0.008346693,0.01369755,0.016860962
0.31169447,0.19970563,-0.09481935,0.07183247,0.025751524,0.99717426,0.9963884,0.043656483,-0.072830886,0.04546576,-0.9987136,0.02244911,0.19537706651687614,0.4076207591056823,0.10684084777832048,-0.002440117291663748,0.004677043807915832,0.011488910357480151,-0.004731648,0.015176032,0.015487578,0.01675415
0.34700075,0.1999721,-0.085892856,0.06845452,0.03165217,0.9972652,0.9965643,0.044666696,-0.06974606,0.046826884,-0.998499,0.028407129,0.1848640176773071,0.09691971249580383,0.23525035705566388,-0.0015035966168188938,0.005138257151355272,0.01260771759097107,-0.0016344086,0.015176032,0.019428998,0.01675415
0.4042902,0.1402845,-0.07496789,0.06606433,0.038511857,0.9972116,0.99667007,0.045447998,-0.0677006,0.048016325,-0.9982227,0.035298474,-0.01953018264770512,0.06666654510498043,0.4464579483032214,-0.0015937295469733248,0.005445898591123398,0.014776968744532323,-0.0016344086,0.015176032,0.026929459,0.016799927
0.39563015,0.0,-0.060312457,0.0660252,0.04522506,0.9969549,0.99662364,0.046009406,-0.06800348,0.049029406,-0.997916,0.041950345,0.06225015001296996,0.14317111926078796,0.2597917556762681,-0.0012745101491736083,0.00613452469447172,0.016002042679191003,-0.0016344086,0.01758785,0.031305835,0.016845703
0.2734571,-0.08261136,-0.07390204,0.0673551,0.049895573,0.996655,0.9964702,0.046935953,-0.069600806,0.050328385,-0.99765086,0.046474475,-0.21633398828506473,-0.17481804399490358,0.30577987976074184,-0.002349807539853064,0.005229761851024844,0.017450931864598757,-0.005275406,0.014645585,0.036452245,0.016830444
0.15075114,-0.15149193,-0.11347172,0.069789864,0.052540883,0.99635804,0.9961993,0.048654333,-0.072248146,0.052342743,-0.9974329,0.048866272,-0.2182711186408997,-0.3559568870544434,0.25357807922363307,-0.003429414095358297,0.0034238286064975027,0.01863156760139393,-0.008932353,0.00868183,0.04070073,0.01675415
0.0,-0.18360065,-0.11507049,0.07275884,0.052675676,0.996143,0.995876,0.050578073,-0.075317614,0.054419678,-0.99732965,0.048704863,-0.13438140745162963,0.006661549568176217,-0.0053156600952153354,-0.004084174062139654,0.003440017211305896,0.018511831462910883,-0.0111879,0.00868183,0.04070073,0.016784668
0.0,-0.19012898,-0.10521139,0.075841956,0.052804045,0.995911,0.9955401,0.052334785,-0.0784923,0.05633448,-0.9972317,0.04853126,-0.049198392391204826,-0.3297648501396179,0.05438249969482278,-0.00430974515378498,0.0017739928745512772,0.018691184804070442,-0.0111879,0.0031518682,0.04070073,0.01676941
0.0,-0.19705701,-0.07563405,0.0790836,0.052900765,0.995659,0.9952063,0.05360402,-0.08179954,0.057767406,-0.99715894,0.048344042,-0.10201402912139901,-0.18465148077011112,-0.09162708740234393,-0.00479826657362305,0.000841865506327965,0.01813959344303837,-0.012907955,3.8466653e-05,0.04070073,0.016860962
-0.12730247,-0.13976757,0.0,0.08141937,0.05077331,0.9955865,0.99501187,0.05377867,-0.0840195,0.057880666,-0.9972596,0.046077743,0.2178267293930054,0.048953154087066575,-0.37823224334716876,-0.0036851415937899077,0.001082421949231658,0.016157734259087335,-0.009251806,3.8466653e-05,0.034352228,0.016784668
-0.21043876,-0.05516573,0.0,0.082338706,0.047266345,0.99569017,0.9949339,0.05407461,-0.08474884,0.057922844,-0.9974155,0.042511165,0.15149832773208616,0.04207873268127438,-0.558796818542481,-0.0029092242471605275,0.0012874035028918715,0.013282961495079492,-0.006715892,3.8466653e-05,0.024998588,0.016738892
-0.22242957,0.0,0.0,0.082338706,0.043559168,0.9958662,0.9949339,0.05439015,-0.08454751,0.05792245,-0.99756694,0.0387973,0.19219975595474237,-0.13045861444473267,-0.40487220458984474,-0.001933679346151013,0.0006286734131537489,0.01119218566465487,-0.003498681,-0.002145266,0.018221477,0.016738892
-0.21363631,0.0,0.0,0.082338706,0.04000116,0.9960218,0.9949338,0.054692212,-0.08435318,0.057922084,-0.99769926,0.035232995,-0.09510444326400758,-0.3786550989627838,-0.2004719451904311,-0.0023995331657402958,-0.001267745448725939,0.01013386501037944,-0.003498681,-0.008477755,0.014868858,0.016723633
-0.16100997,0.0,-0.07057126,0.08229107,0.037392795,0.9961305,0.9948677,0.05610631,-0.08420449,0.05911006,-0.9977216,0.032521863,-0.15689419422149664,0.17322868485450738,-0.14884759674072257,-0.0031720064710190777,-0.0003952632972097724,0.00933895770162393,-0.006146462,-0.0055543096,0.012356874,0.01687622
0.0,0.0,-0.101347685,0.08222734,0.037533034,0.9961305,0.99477065,0.057801664,-0.08420437,0.06081027,-0.99761945,0.032521818,-0.24247081089019784,-0.14655280375480653,0.16000441741943305,-0.004368500493114972,-0.0011260509994977562,0.010092285000212975,-0.010223654,-0.008018622,0.015047378,0.016815186
0.071745016,-0.09953173,-0.11094032,0.08381724,0.038882017,0.99594843,0.99451995,0.059547663,-0.085930854,0.062716894,-0.99746495,0.03361849,0.041468777179717975,0.3073046770095825,0.15457752685546744,-0.004139314104750807,0.0004161026405476453,0.010814711209489247,-0.010223654,-0.0028746824,0.017634835,0.016738892
0.12050765,-0.14070019,-0.07310265,0.08618861,0.041060943,0.9956638,0.9942321,0.060624342,-0.08847146,0.064057924,-0.99731314,0.035542224,-0.014923447704315196,0.13066437530517572,0.06873769378661976,-0.004193234772748629,0.0010673440038707857,0.0111043261223749,-0.010223654,-0.00061772333,0.017634835,0.01727295
0.19058728,-0.1995884,-0.06897248,0.089482546,0.044351768,0.99524295,0.9938583,0.061493497,-0.09200189,0.06533352,-0.9971196,0.038523182,0.06583183403015136,-0.37752394042015075,0.0871626953125002,-0.0038431094287341284,-0.000825612418249322,0.011484617968325526,-0.010223654,-0.0069658584,0.017634835,0.016815186
0.23655206,-0.19652408,-0.08389439,0.09272349,0.04845528,0.9947687,0.99345887,0.06253385,-0.095546134,0.06687387,-0.99686486,0.042290162,0.0944258486747741,-0.1082530164718628,-0.4756883224487307,-0.0033517646382165873,-0.0013627494385173894,0.009048753266240245,-0.010223654,-0.008794412,0.0095997555,0.01689148
0.16687211,-0.08807384,-0.052052118,0.09415171,0.05132253,0.99449587,0.99326146,0.0631341,-0.097189754,0.06780704,-0.99668384,0.04498323,0.035159834003448465,0.1873076822757721,-0.6574106628417979,-0.003159206645008262,-0.0004193972799459419,0.0057164561857000525,-0.010223654,-0.0056505147,-0.0014346641,0.016784668
0.09372817,0.0,0.0,0.09415171,0.052885644,0.9944152,0.99326146,0.06298134,-0.09728899,0.06780696,-0.99661195,0.04654973,-0.07018503904342654,-0.06000714187622075,-0.4315775085449225,-0.003494335807000353,-0.000717336002927316,0.00352998636204694,-0.010223654,-0.0056505147,-0.008671964,0.01676941
0.10718453,0.0,-0.06044569,0.09409816,0.054766748,0.9943203,0.9931973,0.063812494,-0.09740205,0.0688161,-0.99645764,0.048339333,-0.00023665704727182657,-0.05181541194915773,-0.20800122680664046,-0.0034780474132017104,-0.000972826382658468,0.0024723302962035027,-0.010223654,-0.0056505147,-0.012156848,0.01675415
0.0,0.0,-0.058180757,0.09404458,0.054858807,0.9943203,0.9931343,0.064784124,-0.09740199,0.06979093,-0.9963898,0.04833931,0.024222191429138173,-0.06706861190795899,-0.1936360168457032,-0.0033395462189900107,-0.0013033053102849707,0.0014917885604939693,-0.010223654,-0.0056505147,-0.015412874,0.016815186
-0.07574197,0.0,0.0,0.09404458,0.053587828,0.99439037,0.9931344,0.06490864,-0.097319186,0.06979087,-0.9964508,0.047065645,-0.002114026832580662,0.11039072637557978,-0.13924553375244209,-0.0033334186220579636,-0.0007448351518556469,0.000788101948929289,-0.010223654,-0.0037875364,-0.017762812,0.01687622
-0.1628752,0.0,0.0,0.09404458,0.05087677,0.99453646,0.99313426,0.065173954,-0.097142205,0.06979061,-0.9965754,0.044348806,-0.10267049655914307,0.16048270134925835,0.20650417633056506,-0.003830104011743389,6.130253064992304e-05,0.0018166823208374677,-0.011942244,-0.0011012339,-0.014306161,0.016738892
-0.18699005,-0.07674919,0.0,0.09532459,0.047758188,0.99457496,0.99300873,0.06547853,-0.098216,0.06984732,-0.9967092,0.04113379,-0.2419097502708435,-0.13983633246421817,0.505408404541015,-0.005020502243038889,-0.0006381856443244175,0.004334640931938355,-0.015998928,-0.0034462065,-0.00583076,0.01676941
