GyroX,GyroY,GyroZ,NoiseX,NoiseY,NoiseZ,ExpGravityX,ExpGravityY,ExpGravityZ,ExpOxX,ExpOxY,ExpOxZ,ExpOyX,ExpOyY,ExpOyZ,AccX,AccY,AccZ,ExpSpeedX,ExpSpeedY,ExpSpeedZ,dT
-0.07980551312554225,0.0075941807147844875,-0.0006661562030512709,-0.0806282,0.009056392,-0.0030043644,0.034768187,0.009836333,0.99934703,0.99939543,-0.00034219836,-0.034766506,2.910383e-11,-0.9999516,0.009842283,0.4477157104492187,0.03591302490234375,11.312602844238281,0.0020221535,0.0,0.05109452,0.0045166016
-0.08113782553164478,0.011324655451871604,-0.002797856052815337,-0.0806282,0.009056392,-0.0030043644,0.034768187,0.009836333,0.99934703,0.99939543,-0.00034219836,-0.034766506,2.910383e-11,-0.9999516,0.009842283,0.4381389038085937,0.08140285644531249,11.159373937988281,0.015018705,0.0,0.382116,0.029663086
-0.08233690669713707,0.010258805526989571,-0.00479632466196915,-0.0806282,0.009056392,-0.0030043644,0.034768187,0.009836333,0.99934703,0.99939543,-0.00034219836,-0.034766506,2.910383e-11,-0.9999516,0.009842283,0.41898529052734373,0.05027823486328125,11.226411584472656,0.027447103,0.0,0.715126,0.029663086
-0.08060490056920376,0.010924961730040842,-0.0033307810152563544,-0.0806282,0.009056392,-0.0030043644,0.034768187,0.009836333,0.99934703,0.99939543,-0.00034219836,-0.034766506,2.910383e-11,-0.9999516,0.009842283,0.3591302490234375,0.14604630126953125,11.168950744628905,0.038100015,0.0,1.0464315,0.029663086
-0.07953905064432175,0.012390505376753637,-0.0009326186842717792,-0.0806282,0.009056392,-0.0030043644,0.034768187,0.009836333,0.99934703,0.99939543,-0.00034219836,-0.034766506,2.910383e-11,-0.9999516,0.009842283,0.4070142822265625,0.10773907470703124,11.264718811035156,0.050173316,0.0,1.3805779,0.029663086
-0.0816707504940858,0.007860643196004996,-0.0006661562030512709,-0.0806282,0.009056392,-0.0030043644,0.034768187,0.009836333,0.99934703,0.99939543,-0.00034219836,-0.034766506,2.910383e-11,-0.9999516,0.009842283,0.39743747558593745,0.031124621582031248,11.233594189453123,0.061962537,0.0,1.713801,0.029663086
-0.07953905064432175,0.008526799399056265,-0.005595712105630674,-0.0806282,0.009056392,-0.0030043644,0.034768187,0.009836333,0.99934703,0.99939543,-0.00034219836,-0.034766506,2.910383e-11,-0.9999516,0.009842283,0.36152445068359373,0.11252747802734374,11.17852755126953,0.07268647,0.0,2.0453906,0.029663086
-0.08113782553164478,0.01212404289553313,-0.0035972434964768626,-0.0806282,0.009056392,-0.0030043644,0.034768187,0.009836333,0.99934703,0.99939543,-0.00034219836,-0.034766506,2.910383e-11,-0.9999516,0.009842283,0.373495458984375,0.13168109130859373,11.171344946289063,0.0837655,0.0,2.3767672,0.029663086
-0.08153751925347555,0.011058192970651094,-0.0030643185340358454,-0.0806282,0.009056392,-0.0030043644,0.034768187,0.009836333,0.99934703,0.99939543,-0.00034219836,-0.034766506,2.910383e-11,-0.9999516,0.009842283,0.3758896606445312,0.08379705810546874,11.21683477783203,0.09491555,0.0,2.7094932,0.029663086
-0.08033843808798326,0.009326186842717792,-0.002398162330984575,-0.0806282,0.009056392,-0.0030043644,0.034768187,0.009836333,0.99934703,0.99939543,-0.00034219836,-0.034766506,2.910383e-11,-0.9999516,0.009842283,0.37828386230468747,0.06943184814453125,11.173739147949219,0.10613661,0.0,3.0409408,0.029663086
-0.08233690669713707,0.008127105677225504,-0.0037304747370871167,-0.0806282,0.009056392,-0.0030043644,0.034768187,0.009836333,0.99934703,0.99939543,-0.00034219836,-0.034766506,2.910383e-11,-0.9999516,0.009842283,0.41419688720703124,0.06943184814453125,11.252747802734374,0.11842297,0.0,3.374732,0.029663086
-0.08300306290018834,0.008393568158446012,-0.004396630940138387,-0.0806282,0.009056392,-0.0030043644,0.034768187,0.009836333,0.99934703,0.99939543,-0.00034219836,-0.034766506,2.910383e-11,-0.9999516,0.009842283,0.4165910888671875,0.12449848632812499,11.202469567871093,0.13078035,0.0,3.7070317,0.029663086
-0.07980551312554225,0.00985911180515881,-0.002531393571594829,-0.0806282,0.009056392,-0.0030043644,0.034768187,0.009836333,0.99934703,0.99939543,-0.00034219836,-0.034766506,2.910383e-11,-0.9999516,0.009842283,0.4572925170898437,0.1292868896484375,11.207257971191405,0.14428924,0.0,4.0381055,0.029541016
-0.08033843808798326,0.008526799399056265,-0.0014655436467127959,-0.0806282,0.009056392,-0.0030043644,0.034768187,0.009836333,0.99934703,0.99939543,-0.00034219836,-0.034766506,2.910383e-11,-0.9999516,0.009842283,0.373495458984375,0.15562310791015624,11.207257971191405,0.15536827,0.0,4.3705473,0.029663086
-0.07953905064432175,0.008526799399056265,-0.005595712105630674,-0.0806282,0.009056392,-0.0030043644,0.034768187,0.009836333,0.99934703,0.99939543,-0.00034219836,-0.034766506,2.910383e-11,-0.9999516,0.009842283,0.3950432739257812,0.08140285644531249,11.243170996093749,0.16708647,0.0,4.7040544,0.029663086
-0.08113782553164478,0.005062787143189658,-0.002797856052815337,-0.0806282,0.009056392,-0.0030043644,0.034768187,0.009836333,0.99934703,0.99939543,-0.00034219836,-0.034766506,2.910383e-11,-0.9999516,0.009842283,0.411802685546875,0.19153613281249998,11.322179650878905,0.17940234,0.0,5.0426693,0.029907227
-0.08033843808798326,0.010125574286379316,-0.002264931090374321,-0.0806282,0.009056392,-0.0030043644,0.034768187,0.009836333,0.99934703,0.99939543,-0.00034219836,-0.034766506,2.910383e-11,-0.9999516,0.009842283,0.41898529052734373,0.12689268798828124,11.288660827636718,0.19183074,0.0,5.377526,0.029663086
-0.07873966320066021,0.0075941807147844875,0.0009326186842717792,-0.0806282,0.009056392,-0.0030043644,0.034768187,0.009836333,0.99934703,0.99939543,-0.00034219836,-0.034766506,2.910383e-11,-0.9999516,0.009842283,0.354341845703125,0.08379705810546874,11.197681164550781,0.20234162,0.0,5.7096834,0.029663086
-0.08073813180981403,0.006794793271122962,-0.0003996937218307625,-0.0806282,0.009056392,-0.0030043644,0.034768187,0.009836333,0.99934703,0.99939543,-0.00034219836,-0.034766506,2.910383e-11,-0.9999516,0.009842283,0.39983167724609375,0.11013327636718749,11.166556542968749,0.21420185,0.0,6.040918,0.029663086
-0.07913935692249098,0.008793261880276773,-0.0031975497746461,-0.0806282,0.009056392,-0.0030043644,0.034768187,0.009836333,0.99934703,0.99939543,-0.00034219836,-0.034766506,2.910383e-11,-0.9999516,0.009842283,0.3902548706054687,0.0909796630859375,11.214440576171874,0.22577801,0.0,6.373573,0.029663086
-0.08113782553164478,0.009326186842717792,-0.0035972434964768626,-0.0806282,0.009056392,-0.0030043644,0.034768187,0.009836333,0.99934703,0.99939543,-0.00034219836,-0.034766506,2.910383e-11,-0.9999516,0.009842283,0.4285620971679687,0.1388636962890625,11.17852755126953,0.23849049,0.0,6.7051625,0.029663086
-0.08127105677225505,0.012257274136143382,-0.0013323124061025418,-0.0806282,0.009056392,-0.0030043644,0.034768187,0.009836333,0.99934703,0.99939543,-0.00034219836,-0.034766506,2.910383e-11,-0.9999516,0.009842283,0.3687070556640625,0.12689268798828124,11.176133349609374,0.24942748,0.0,7.036681,0.029663086
-0.07833996947882944,0.012656967857974145,-0.0031975497746461,-0.0806282,0.009056392,-0.0030043644,0.034768187,0.009836333,0.99934703,0.99939543,-0.00034219836,-0.034766506,2.910383e-11,-0.9999516,0.009842283,0.40940848388671874,0.0718260498046875,11.259930407714844,0.2615718,0.0,7.3706856,0.029663086
-0.08033843808798326,0.0095926493239383,0.00013323124061025415,-0.0806282,0.009056392,-0.0030043644,0.034768187,0.009836333,0.99934703,0.99939543,-0.00034219836,-0.034766506,2.910383e-11,-0.9999516,0.009842283,0.373495458984375,0.105344873046875,11.202469567871093,0.27260524,0.0,7.7016177,0.029541016
-0.080205206847373,0.007860643196004996,-0.0006661562030512709,-0.0806282,0.009056392,-0.0030043644,0.034768187,0.009836333,0.99934703,0.99939543,-0.00034219836,-0.034766506,2.910383e-11,-0.9999516,0.009842283,0.36391865234375,0.16041151123046873,11.149797131347656,0.28335577,0.0,8.030994,0.029541016
-0.07913935692249098,0.012257274136143382,-0.0006661562030512709,-0.0806282,0.009056392,-0.0030043644,0.034768187,0.009836333,0.99934703,0.99939543,-0.00034219836,-0.034766506,2.910383e-11,-0.9999516,0.009842283,0.3854664672851562,0.143652099609375,11.176133349609374,0.29474285,0.0,8.361149,0.029541016
-0.08113782553164478,0.012656967857974145,-0.0030643185340358454,-0.0806282,0.009056392,-0.0030043644,0.034768187,0.009836333,0.99934703,0.99939543,-0.00034219836,-0.034766506,2.910383e-11,-0.9999516,0.009842283,0.37828386230468747,0.12689268798828124,11.212046374511718,0.30596393,0.0,8.693732,0.029663086
-0.07953905064432175,0.0057289433462409285,-0.0063950995492922,-0.0806282,0.009056392,-0.0030043644,0.034768187,0.009836333,0.99934703,0.99939543,-0.00034219836,-0.034766506,2.910383e-11,-0.9999516,0.009842283,0.3687070556640625,0.08379705810546874,11.228805786132812,0.3169009,0.0,9.0268135,0.029663086
-0.08060490056920376,0.004263399699528133,-0.004263399699528133,-0.0806282,0.009056392,-0.0030043644,0.034768187,0.009836333,0.99934703,0.99939543,-0.00034219836,-0.034766506,2.910383e-11,-0.9999516,0.009842283,0.36631285400390623,0.1388636962890625,11.295843432617186,0.32772216,0.0,9.360504,0.029541016
-0.07794027575699868,0.0058621745868511835,-0.002398162330984575,-0.0806282,0.009056392,-0.0030043644,0.034768187,0.009836333,0.99934703,0.99939543,-0.00034219836,-0.034766506,2.910383e-11,-0.9999516,0.009842283,0.35673604736328124,0.1580173095703125,11.238382592773437,0.33830404,0.0,9.69387,0.029663086
-0.07980551312554225,0.008127105677225504,-0.004663093421358896,-0.0806282,0.009056392,-0.0030043644,0.034768187,0.009836333,0.99934703,0.99939543,-0.00034219836,-0.034766506,2.910383e-11,-0.9999516,0.009842283,0.3806780639648437,0.06464344482421874,11.298237634277344,0.34959614,0.0,10.02901,0.029663086
-0.08247013793774732,0.009059724361497283,-0.005995405827461438,-0.0806282,0.009056392,-0.0030043644,0.034768187,0.009836333,0.99934703,0.99939543,-0.00034219836,-0.034766506,2.910383e-11,-0.9999516,0.009842283,0.3854664672851562,0.13646949462890623,11.281478222656249,0.3617361,0.0,10.384311,0.03149414
-0.08207044421591657,0.009459418083328047,-0.0018652373685435584,-0.0806282,0.009056392,-0.0030043644,0.034768187,0.009836333,0.99934703,0.99939543,-0.00034219836,-0.034766506,2.910383e-11,-0.9999516,0.009842283,0.3591302490234375,0.11013327636718749,11.214440576171874,0.37243283,0.0,10.718334,0.029785156
-0.08326952538140886,0.010658499248820334,0.0,-0.0806282,0.009056392,-0.0030043644,0.034768187,0.009836333,0.99934703,0.99939543,-0.00034219836,-0.034766506,2.910383e-11,-0.9999516,0.009842283,0.373495458984375,0.12449848632812499,11.149797131347656,0.38355744,0.0,11.050432,0.029785156
-0.07887289444127048,0.0073277182335639785,-0.0014655436467127959,-0.0806282,0.009056392,-0.0030043644,0.034768187,0.009836333,0.99934703,0.99939543,-0.00034219836,-0.034766506,2.910383e-11,-0.9999516,0.009842283,0.39743747558593745,0.16280571289062498,11.094730493164063,0.39534667,0.0,11.379536,0.029663086
-0.07873966320066021,0.009992343045769061,-0.0018652373685435584,-0.0806282,0.009056392,-0.0030043644,0.034768187,0.009836333,0.99934703,0.99939543,-0.00034219836,-0.034766506,2.910383e-11,-0.9999516,0.009842283,0.34237083740234375,0.11013327636718749,11.281478222656249,0.40550244,0.0,11.714179,0.029663086
-0.07927258816310122,0.010125574286379316,-0.002398162330984575,-0.0806282,0.009056392,-0.0030043644,0.034768187,0.009836333,0.99934703,0.99939543,-0.00034219836,-0.034766506,2.910383e-11,-0.9999516,0.009842283,0.39983167724609375,0.0430956298828125,11.212046374511718,0.4173627,0.0,12.046762,0.029663086
-0.08073813180981403,0.00866003063966652,-0.000799387443661525,-0.0806282,0.009056392,-0.0030043644,0.034768187,0.009836333,0.99934703,0.99939543,-0.00034219836,-0.034766506,2.910383e-11,-0.9999516,0.009842283,0.41419688720703124,0.16519991455078123,11.159373937988281,0.42964906,0.0,12.377784,0.029663086
-0.08100459429103453,0.007061255752343471,-0.0039969372183076245,-0.0806282,0.009056392,-0.0030043644,0.034768187,0.009836333,0.99934703,0.99939543,-0.00034219836,-0.034766506,2.910383e-11,-0.9999516,0.009842283,0.32082302246093747,0.04548983154296875,11.276689819335937,0.43916565,0.0,12.712285,0.029663086
-0.08366921910323963,0.008260336917835759,-0.002398162330984575,-0.0806282,0.009056392,-0.0030043644,0.034768187,0.009836333,0.99934703,0.99939543,-0.00034219836,-0.034766506,2.910383e-11,-0.9999516,0.009842283,0.4165910888671875,0.13407529296874998,11.348515869140625,0.45152304,0.0,13.048917,0.029663086
-0.08113782553164478,0.01185758041431262,-0.0030643185340358454,-0.0806282,0.009056392,-0.0030043644,0.034768187,0.009836333,0.99934703,0.99939543,-0.00034219836,-0.034766506,2.910383e-11,-0.9999516,0.009842283,0.36631285400390623,0.10773907470703124,11.202469567871093,0.462389,0.0,13.381217,0.029663086
-0.080205206847373,0.00866003063966652,-0.002531393571594829,-0.0806282,0.009056392,-0.0030043644,0.034768187,0.009836333,0.99934703,0.99939543,-0.00034219836,-0.034766506,2.910383e-11,-0.9999516,0.009842283,0.3902548706054687,0.11013327636718749,11.238382592773437,0.4739175,0.0,13.71321,0.029541016
-0.07940581940371148,0.010125574286379316,-0.006128637068071691,-0.0806282,0.009056392,-0.0030043644,0.034768187,0.009836333,0.99934703,0.99939543,-0.00034219836,-0.034766506,2.910383e-11,-0.9999516,0.009842283,0.41898529052734373,0.06464344482421874,11.17852755126953,0.48634592,0.0,14.0448,0.029663086
-0.07940581940371148,0.00866003063966652,-0.0033307810152563544,-0.0806282,0.009056392,-0.0030043644,0.034768187,0.009836333,0.99934703,0.99939543,-0.00034219836,-0.034766506,2.910383e-11,-0.9999516,0.009842283,0.36391865234375,0.09576806640624999,11.262324609375,0.49714085,0.0,14.378875,0.029663086
-0.08007197560676275,0.008526799399056265,-0.0030643185340358454,-0.0806282,0.009056392,-0.0030043644,0.034768187,0.009836333,0.99934703,0.99939543,-0.00034219836,-0.034766506,2.910383e-11,-0.9999516,0.009842283,0.3495534423828125,0.10773907470703124,11.245565197753905,0.5075097,0.0,14.712453,0.029663086
-0.08047166932859352,0.0095926493239383,-0.0031975497746461,-0.0806282,0.009056392,-0.0030043644,0.034768187,0.009836333,0.99934703,0.99939543,-0.00034219836,-0.034766506,2.910383e-11,-0.9999516,0.009842283,0.40462008056640625,0.1149216796875,11.202469567871093,0.519512,0.0,15.044753,0.029663086
-0.08127105677225505,0.009192955602107537,-0.0006661562030512709,-0.0806282,0.009056392,-0.0030043644,0.034768187,0.009836333,0.99934703,0.99939543,-0.00034219836,-0.034766506,2.910383e-11,-0.9999516,0.009842283,0.411802685546875,0.12449848632812499,11.264718811035156,0.5317273,0.0,15.3789,0.029663086
-0.08193721297530632,0.007727411955394742,-0.0006661562030512709,-0.0806282,0.009056392,-0.0030043644,0.034768187,0.009836333,0.99934703,0.99939543,-0.00034219836,-0.034766506,2.910383e-11,-0.9999516,0.009842283,0.40462008056640625,0.1292868896484375,11.212046374511718,0.5437296,0.0,15.711483,0.029663086
-0.08260336917835759,0.010125574286379316,-0.002398162330984575,-0.0806282,0.009056392,-0.0030043644,0.034768187,0.009836333,0.99934703,0.99939543,-0.00034219836,-0.034766506,2.910383e-11,-0.9999516,0.009842283,0.40940848388671874,0.17477672119140625,11.202469567871093,0.55587393,0.0,16.043783,0.029663086
-0.07953905064432175,0.011990811654922875,-0.000799387443661525,-0.0806282,0.009056392,-0.0030043644,0.034768187,0.009836333,0.99934703,0.99939543,-0.00034219836,-0.034766506,2.910383e-11,-0.9999516,0.009842283,0.3806780639648437,0.13646949462890623,11.137826123046874,0.56711954,0.0,16.372807,0.029541016
-0.08060490056920376,0.007061255752343471,-0.0019984686091538122,-0.0806282,0.009056392,-0.0030043644,0.034768187,0.009836333,0.99934703,0.99939543,-0.00034219836,-0.034766506,2.910383e-11,-0.9999516,0.009842283,0.3280056274414062,0.1484405029296875,11.204863769531249,0.57680917,0.0,16.70381,0.029541016
-0.08233690669713707,0.010791730489430587,-0.0029310872934255917,-0.0806282,0.009056392,-0.0030043644,0.034768187,0.009836333,0.99934703,0.99939543,-0.00034219836,-0.034766506,2.910383e-11,-0.9999516,0.009842283,0.38307226562499996,0.16280571289062498,11.259930407714844,0.5881255,0.0,17.03644,0.029541016
-0.07967228188493199,0.00985911180515881,-0.005062787143189658,-0.0806282,0.009056392,-0.0030043644,0.034768187,0.009836333,0.99934703,0.99939543,-0.00034219836,-0.034766506,2.910383e-11,-0.9999516,0.009842283,0.34715924072265625,0.06464344482421874,11.159373937988281,0.59842336,0.0,17.367462,0.029663086
-0.08073813180981403,0.007993874436615249,-0.0026646248122050836,-0.0806282,0.009056392,-0.0030043644,0.034768187,0.009836333,0.99934703,0.99939543,-0.00034219836,-0.034766506,2.910383e-11,-0.9999516,0.009842283,0.4165910888671875,0.076614453125,11.262324609375,0.6107299,0.0,17.700163,0.029541016
-0.08233690669713707,0.008393568158446012,-0.004663093421358896,-0.0806282,0.009056392,-0.0030043644,0.034768187,0.009836333,0.99934703,0.99939543,-0.00034219836,-0.034766506,2.910383e-11,-0.9999516,0.009842283,0.35194764404296874,0.11731588134765625,11.176133349609374,0.6211268,0.0,18.030317,0.029541016
-0.08180398173469605,0.009326186842717792,-0.0010658499248820332,-0.0806282,0.009056392,-0.0030043644,0.034768187,0.009836333,0.99934703,0.99939543,-0.00034219836,-0.034766506,2.910383e-11,-0.9999516,0.009842283,0.3232172241210937,0.11731588134765625,11.188104357910156,0.63067496,0.0,18.360825,0.029541016
-0.07767381327577817,0.009992343045769061,-0.0014655436467127959,-0.0806282,0.009056392,-0.0030043644,0.034768187,0.009836333,0.99934703,0.99939543,-0.00034219836,-0.034766506,2.910383e-11,-0.9999516,0.009842283,0.3902548706054687,0.10295067138671875,11.307814440917968,0.64225113,0.0,18.696249,0.029663086
-0.07860643196004995,0.009192955602107537,-0.0010658499248820332,-0.0806282,0.009056392,-0.0030043644,0.034768187,0.009836333,0.99934703,0.99939543,-0.00034219836,-0.034766506,2.910383e-11,-0.9999516,0.009842283,0.411802685546875,0.08140285644531249,11.204863769531249,0.65446645,0.0,19.02862,0.029663086
-0.080205206847373,0.005595712105630674,-0.0021316998497640663,-0.0806282,0.009056392,-0.0030043644,0.034768187,0.009836333,0.99934703,0.99939543,-0.00034219836,-0.034766506,2.910383e-11,-0.9999516,0.009842283,0.3711012573242187,0.1388636962890625,11.149797131347656,0.6654745,0.0,19.359358,0.029663086
-0.0816707504940858,0.008926493120887028,0.0003996937218307625,-0.0806282,0.009056392,-0.0030043644,0.034768187,0.009836333,0.99934703,0.99939543,-0.00034219836,-0.034766506,2.910383e-11,-0.9999516,0.009842283,0.36152445068359373,0.08858546142578125,11.152191333007812,0.6761984,0.0,19.690166,0.029663086
-0.07993874436615249,0.008793261880276773,-0.0031975497746461,-0.0806282,0.009056392,-0.0030043644,0.034768187,0.009836333,0.99934703,0.99939543,-0.00034219836,-0.034766506,2.910383e-11,-0.9999516,0.009842283,0.4285620971679687,0.15562310791015624,11.25514200439453,0.6889109,0.0,20.024029,0.029663086
-0.08100459429103453,0.011724349173702367,-0.0013323124061025418,-0.0806282,0.009056392,-0.0030043644,0.034768187,0.009836333,0.99934703,0.99939543,-0.00034219836,-0.034766506,2.910383e-11,-0.9999516,0.009842283,0.3854664672851562,0.11013327636718749,11.168950744628905,0.70034504,0.0,20.355335,0.029663086
-0.08060490056920376,0.009192955602107537,-0.002531393571594829,-0.0806282,0.009056392,-0.0030043644,0.034768187,0.009836333,0.99934703,0.99939543,-0.00034219836,-0.034766506,2.910383e-11,-0.9999516,0.009842283,0.37828386230468747,0.1197100830078125,11.192892761230468,0.7116123,0.0,20.688717,0.029785156
-0.08100459429103453,0.011191424211261349,-0.0018652373685435584,-0.0806282,0.009056392,-0.0030043644,0.034768187,0.009836333,0.99934703,0.99939543,-0.00034219836,-0.034766506,2.910383e-11,-0.9999516,0.009842283,0.44053310546874996,0.13407529296874998,11.149797131347656,0.7246798,0.0,21.019455,0.029663086
-0.0816707504940858,0.01212404289553313,-0.0019984686091538122,-0.0806282,0.009056392,-0.0030043644,0.034768187,0.009836333,0.99934703,0.99939543,-0.00034219836,-0.034766506,2.910383e-11,-0.9999516,0.009842283,0.3854664672851562,0.11731588134765625,11.329362255859374,0.7360669,0.0,21.354136,0.029541016
-0.07913935692249098,0.008260336917835759,-0.005062787143189658,-0.0806282,0.009056392,-0.0030043644,0.034768187,0.009836333,0.99934703,0.99939543,-0.00034219836,-0.034766506,2.910383e-11,-0.9999516,0.009842283,0.3950432739257812,0.055066638183593745,11.267113012695312,0.7477851,0.0,21.688353,0.029663086
-0.08153751925347555,0.009059724361497283,-0.004130168458917879,-0.0806282,0.009056392,-0.0030043644,0.034768187,0.009836333,0.99934703,0.99939543,-0.00034219836,-0.034766506,2.910383e-11,-0.9999516,0.009842283,0.40940848388671874,0.11013327636718749,11.197681164550781,0.7599294,0.0,22.02051,0.029663086
-0.07967228188493199,0.009992343045769061,-0.0035972434964768626,-0.0806282,0.009056392,-0.0030043644,0.034768187,0.009836333,0.99934703,0.99939543,-0.00034219836,-0.034766506,2.910383e-11,-0.9999516,0.009842283,0.4333505004882812,0.09816226806640624,11.252747802734374,0.772731,0.0,22.352928,0.029541016
-0.07847320071943971,0.011591117933092112,-0.0037304747370871167,-0.0806282,0.009056392,-0.0030043644,0.034768187,0.009836333,0.99934703,0.99939543,-0.00034219836,-0.034766506,2.910383e-11,-0.9999516,0.009842283,0.4070142822265625,0.13646949462890623,11.247959399414063,0.7848043,0.0,22.686577,0.029663086
-0.08060490056920376,0.008793261880276773,-0.004263399699528133,-0.0806282,0.009056392,-0.0030043644,0.034768187,0.009836333,0.99934703,0.99939543,-0.00034219836,-0.034766506,2.910383e-11,-0.9999516,0.009842283,0.3950432739257812,0.19871873779296872,11.259930407714844,0.7965225,0.0,23.02058,0.029663086
-0.08047166932859352,0.008526799399056265,-0.0026646248122050836,-0.0806282,0.009056392,-0.0030043644,0.034768187,0.009836333,0.99934703,0.99939543,-0.00034219836,-0.034766506,2.910383e-11,-0.9999516,0.009842283,0.3447650390625,0.10773907470703124,11.219228979492186,0.8067072,0.0,23.352007,0.029541016
-0.08060490056920376,0.008926493120887028,-0.0014655436467127959,-0.0806282,0.009056392,-0.0030043644,0.034768187,0.009836333,0.99934703,0.99939543,-0.00034219836,-0.034766506,2.910383e-11,-0.9999516,0.009842283,0.37828386230468747,0.09576806640624999,11.183315954589844,0.8178821,0.0,23.682373,0.029541016
-0.08060490056920376,0.011591117933092112,-0.002531393571594829,-0.0806282,0.009056392,-0.0030043644,0.034768187,0.009836333,0.99934703,0.99939543,-0.00034219836,-0.034766506,2.910383e-11,-0.9999516,0.009842283,0.3447650390625,0.13646949462890623,11.152191333007812,0.8281089,0.0,24.013182,0.029663086
-0.07980551312554225,0.01052526800821008,-0.0026646248122050836,-0.0806282,0.009056392,-0.0030043644,0.034768187,0.009836333,0.99934703,0.99939543,-0.00034219836,-0.034766506,2.910383e-11,-0.9999516,0.009842283,0.3016694091796875,0.105344873046875,11.209652172851563,0.83705735,0.0,24.345695,0.029663086
-0.0816707504940858,0.008793261880276773,-0.0010658499248820332,-0.0806282,0.009056392,-0.0030043644,0.034768187,0.009836333,0.99934703,0.99939543,-0.00034219836,-0.034766506,2.910383e-11,-0.9999516,0.009842283,0.33758243408203126,0.05027823486328125,11.243170996093749,0.8472771,0.0,24.686066,0.030273438
-0.07940581940371148,0.010392036767599824,-0.0018652373685435584,-0.0806282,0.009056392,-0.0030043644,0.034768187,0.009836333,0.99934703,0.99939543,-0.00034219836,-0.034766506,2.910383e-11,-0.9999516,0.009842283,0.4333505004882812,0.0718260498046875,11.238382592773437,0.8603961,0.0,25.02629,0.030273438
-0.08233690669713707,0.009725880564548555,-0.0021316998497640663,-0.0806282,0.009056392,-0.0030043644,0.034768187,0.009836333,0.99934703,0.99939543,-0.00034219836,-0.034766506,2.910383e-11,-0.9999516,0.009842283,0.37828386230468747,0.11252747802734374,11.221623181152344,0.87203276,0.0,25.371487,0.030761719
-0.08100459429103453,0.006261868308681946,-0.00159877488732305,-0.0806282,0.009056392,-0.0030043644,0.034768187,0.009836333,0.99934703,0.99939543,-0.00034219836,-0.034766506,2.910383e-11,-0.9999516,0.009842283,0.3711012573242187,0.11252747802734374,11.219228979492186,0.8834032,0.0,25.71524,0.030639648
-0.08180398173469605,0.006928024511733216,-0.0030643185340358454,-0.0806282,0.009056392,-0.0030043644,0.034768187,0.009836333,0.99934703,0.99939543,-0.00034219836,-0.034766506,2.910383e-11,-0.9999516,0.009842283,0.4070142822265625,0.16041151123046873,11.171344946289063,0.8961224,0.0,26.064344,0.03125
-0.08433537530629089,0.010258805526989571,0.000799387443661525,-0.0806282,0.009056392,-0.0030043644,0.034768187,0.009836333,0.99934703,0.99939543,-0.00034219836,-0.034766506,2.910383e-11,-0.9999516,0.009842283,0.3806780639648437,0.105344873046875,11.202469567871093,0.90773976,0.0,26.406218,0.030517578
-0.0814042880128653,0.010125574286379316,-0.004263399699528133,-0.0806282,0.009056392,-0.0030043644,0.034768187,0.009836333,0.99934703,0.99939543,-0.00034219836,-0.034766506,2.910383e-11,-0.9999516,0.009842283,0.469263525390625,0.16041151123046873,11.214440576171874,0.92200327,0.0,26.747086,0.030395508
-0.07900612568188072,0.009192955602107537,-0.000799387443661525,-0.0806282,0.009056392,-0.0030043644,0.034768187,0.009836333,0.99934703,0.99939543,-0.00034219836,-0.034766506,2.910383e-11,-0.9999516,0.009842283,0.41898529052734373,0.15562310791015624,11.259930407714844,0.9347385,0.0,27.089336,0.030395508
-0.07993874436615249,0.0095926493239383,-0.002797856052815337,-0.0806282,0.009056392,-0.0030043644,0.034768187,0.009836333,0.99934703,0.99939543,-0.00034219836,-0.034766506,2.910383e-11,-0.9999516,0.009842283,0.34237083740234375,0.09337386474609374,11.17852755126953,0.9451451,0.0,27.429113,0.030395508
-0.07873966320066021,0.008127105677225504,-0.005329249624410167,-0.0806282,0.009056392,-0.0030043644,0.034768187,0.009836333,0.99934703,0.99939543,-0.00034219836,-0.034766506,2.910383e-11,-0.9999516,0.009842283,0.36631285400390623,0.11731588134765625,11.166556542968749,0.95627934,0.0,27.768526,0.030395508
-0.08193721297530632,0.009059724361497283,-0.0006661562030512709,-0.0806282,0.009056392,-0.0030043644,0.034768187,0.009836333,0.99934703,0.99939543,-0.00034219836,-0.034766506,2.910383e-11,-0.9999516,0.009842283,0.42377369384765623,0.05027823486328125,11.291055029296874,0.9692119,0.0,28.113102,0.030517578
-0.07967228188493199,0.0074609494741742334,0.0005329249624410166,-0.0806282,0.009056392,-0.0030043644,0.034768187,0.009836333,0.99934703,0.99939543,-0.00034219836,-0.034766506,2.910383e-11,-0.9999516,0.009842283,0.39743747558593745,0.04548983154296875,11.17852755126953,0.9812922,0.0,28.452879,0.030395508
-0.08366921910323963,0.009459418083328047,-0.0039969372183076245,-0.0806282,0.009056392,-0.0030043644,0.034768187,0.009836333,0.99934703,0.99939543,-0.00034219836,-0.034766506,2.910383e-11,-0.9999516,0.009842283,0.3758896606445312,0.1292868896484375,11.190498559570312,0.99271756,0.0,28.79302,0.030395508
-0.08153751925347555,0.011324655451871604,-0.003464012255866608,-0.0806282,0.009056392,-0.0030043644,0.034768187,0.009836333,0.99934703,0.99939543,-0.00034219836,-0.034766506,2.910383e-11,-0.9999516,0.009842283,0.3854664672851562,0.10773907470703124,11.219228979492186,1.004434,0.0,29.134035,0.030395508
-0.08300306290018834,0.009725880564548555,-0.002398162330984575,-0.0806282,0.009056392,-0.0030043644,0.034768187,0.009836333,0.99934703,0.99939543,-0.00034219836,-0.034766506,2.910383e-11,-0.9999516,0.009842283,0.39264907226562495,0.12449848632812499,11.281478222656249,1.0164167,0.0,29.47832,0.030517578
-0.080205206847373,0.01052526800821008,-0.003464012255866608,-0.0806282,0.009056392,-0.0030043644,0.034768187,0.009836333,0.99934703,0.99939543,-0.00034219836,-0.034766506,2.910383e-11,-0.9999516,0.009842283,0.3854664672851562,0.10295067138671875,11.192892761230468,1.0281332,0.0,29.818533,0.030395508
-0.07940581940371148,0.008260336917835759,-0.000799387443661525,-0.0806282,0.009056392,-0.0030043644,0.034768187,0.009836333,0.99934703,0.99939543,-0.00034219836,-0.034766506,2.910383e-11,-0.9999516,0.009842283,0.3016694091796875,0.1149216796875,11.214440576171874,1.0373025,0.0,30.1594,0.030395508
-0.080205206847373,0.012390505376753637,-0.0037304747370871167,-0.0806282,0.009056392,-0.0030043644,0.034768187,0.009836333,0.99934703,0.99939543,-0.00034219836,-0.034766506,2.910383e-11,-0.9999516,0.009842283,0.3902548706054687,0.1580173095703125,11.231199987792968,1.0491645,0.0,30.500778,0.030395508
-0.08127105677225505,0.007727411955394742,-0.0011990811654922875,-0.0806282,0.009056392,-0.0030043644,0.034768187,0.009836333,0.99934703,0.99939543,-0.00034219836,-0.034766506,2.910383e-11,-0.9999516,0.009842283,0.373495458984375,0.10773907470703124,11.200075366210937,1.0605171,0.0,30.84121,0.030395508
-0.08180398173469605,0.009725880564548555,0.0010658499248820332,-0.0806282,0.009056392,-0.0030043644,0.034768187,0.009836333,0.99934703,0.99939543,-0.00034219836,-0.034766506,2.910383e-11,-0.9999516,0.009842283,0.3687070556640625,0.13407529296874998,11.197681164550781,1.071724,0.0,31.181568,0.030395508
-0.08300306290018834,0.013323124061025418,0.28538131738716443,-0.0806282,0.009056392,-0.0030043644,0.034873843,0.0094549125,0.99934703,0.9993317,-0.011288975,-0.034766506,-0.010952888,-0.99989164,0.009842283,0.5698199951171875,0.9744400756835937,11.159373937988281,1.0893918,0.030213352,31.527575,0.03100586
-0.08286983165957809,0.008793261880276773,0.43033690717112094,-0.0806282,0.009056392,-0.0030043644,0.03499056,0.0090133855,0.99934703,0.9991092,-0.023918664,-0.034766506,-0.023589678,-0.99967325,0.009842282,0.3806780639648437,-0.20350714111328125,11.3772462890625,1.1010092,0.024002807,31.87478,0.030517578
-0.08153751925347555,0.006794793271122962,0.3261500770139022,-0.0806282,0.009056392,-0.0030043644,0.035081476,0.008652774,0.99934703,0.9988101,-0.034200568,-0.034766506,-0.03387741,-0.99937755,0.009842283,0.3854664672851562,0.14604630126953125,11.312602844238281,1.1127257,0.024002807,32.21863,0.030395508
-0.08233690669713707,0.013323124061025418,0.5206676883048733,-0.0806282,0.009056392,-0.0030043644,0.035225973,0.008044334,0.99934703,0.99806863,-0.051481538,-0.034766506,-0.051168248,-0.99864155,0.009842283,0.469263525390625,0.5410895751953124,11.295843432617186,1.1270465,0.04051555,32.563354,0.030517578
-0.08127105677225505,0.012390505376753637,0.6776140897437527,-0.0806282,0.009056392,-0.0030043644,0.035385344,0.007311502,0.99934703,0.9967852,-0.07218493,-0.034766506,-0.0718836,-0.9973645,0.009842283,0.3064578125,0.076614453125,11.176133349609374,1.1363988,0.04051555,32.904423,0.030517578
-0.08380245034384987,0.009059724361497283,0.6255206746651433,-0.0806282,0.009056392,-0.0030043644,0.035515025,0.0066530937,0.99934703,0.99527276,-0.09068395,-0.034766506,-0.09039343,-0.9958575,0.009842282,0.3016694091796875,-0.1292868896484375,11.25514200439453,1.145605,0.04051555,33.247902,0.030517578
-0.08646707515605495,0.006528330789902454,0.42567381374976204,-0.0806282,0.009056392,-0.0030043644,0.035591118,0.0062332116,0.99934703,0.9941324,-0.102431394,-0.034766506,-0.10214781,-0.9947206,0.009842283,0.37828386230468747,-0.3711012573242187,11.245565197753905,1.1571493,0.029190438,33.59109,0.030517578
-0.08286983165957809,0.012390505376753637,0.2344869834740473,-0.0806282,0.009056392,-0.0030043644,0.03563373,0.005984803,0.99934703,0.9933937,-0.10936322,-0.034766506,-0.10908374,-0.99398386,0.009842283,0.36631285400390623,0.00239420166015625,11.214440576171874,1.1683283,0.029190438,33.93333,0.030517578
-0.07980551312554225,0.009459418083328047,0.3023016849446667,-0.0806282,0.009056392,-0.0030043644,0.03569308,0.0056200298,0.99934703,0.9922232,-0.11951789,-0.034766506,-0.119244464,-0.99281615,0.009842283,0.3687070556640625,0.469263525390625,11.271901416015623,1.1795803,0.043511223,34.27732,0.030517578
-0.0866003063966652,0.013589586542245924,0.5959433392496668,-0.0806282,0.009056392,-0.0030043644,0.035797663,0.0049099987,0.99934703,0.98965365,-0.13920148,-0.034766506,-0.13893989,-0.99025196,0.009842283,0.316034619140625,0.6631938598632812,11.183315954589844,1.1891863,0.06366934,34.617245,0.030395508
-0.08326952538140886,0.010924961730040842,0.8273660041896783,-0.0806282,0.009056392,-0.0030043644,0.03591155,0.003992699,0.99934703,0.98576903,-0.16447096,-0.034766503,-0.16422476,-0.98637384,0.009842282,0.316034619140625,0.24660277099609373,11.286266625976562,1.1987923,0.07116496,34.960297,0.030395508
-0.08047166932859352,0.01505513018895872,0.8437534467847395,-0.0806282,0.009056392,-0.0030043644,0.036001384,0.0030792032,0.99934703,0.9812732,-0.18945792,-0.034766503,-0.18922716,-0.98188406,0.009842282,0.22266075439453123,-0.0383072265625,11.123460913085937,1.2055602,0.07116496,35.2984,0.030395508
-0.07980551312554225,0.010658499248820334,0.7547549780570898,-0.0806282,0.009056392,-0.0030043644,0.036062304,0.0022564086,0.99934703,0.97669166,-0.2118132,-0.034766503,-0.21159641,-0.97730756,0.009842281,0.33758243408203126,-0.08858546142578125,11.149797131347656,1.2158624,0.07116496,35.638664,0.030517578
-0.0860673814342242,0.010392036767599824,0.741165391514844,-0.0806282,0.009056392,-0.0030043644,0.036104538,0.0014295932,0.99934703,0.97158235,-0.23413455,-0.0347665,-0.23393196,-0.9722032,0.009842281,0.3806780639648437,0.16280571289062498,11.154585534667968,1.2274333,0.07116496,35.977715,0.030395508
-0.07913935692249098,0.012257274136143382,0.7719418080958126,-0.0806282,0.009056392,-0.0030043644,0.036128245,0.0005755388,0.99934703,0.9657749,-0.2570412,-0.0347665,-0.25685328,-0.96640027,0.00984228,0.36391865234375,0.15562310791015624,11.21683477783203,1.2384949,0.07116496,36.318657,0.030395508
-0.08286983165957809,0.008793261880276773,0.732238898393957,-0.0806282,0.009056392,-0.0030043644,0.03613219,-0.00021482061,0.99934703,0.9599217,-0.2781038,-0.0347665,-0.2779296,-0.960551,0.00984228,0.29448680419921874,-0.11252747802734374,11.326968054199218,1.247482,0.07116496,36.66433,0.030517578
-0.08913169996826004,0.011324655451871604,0.6026049012801795,-0.0806282,0.009056392,-0.0030043644,0.035780966,-0.0008656715,0.9993593,0.9547427,-0.29543248,-0.03443941,-0.29527295,-0.9553633,0.009744359,0.4572925170898437,-0.06703764648437499,11.094730493164063,1.2614374,0.07116496,37.002914,0.030517578
-0.08113782553164478,0.015854517632620246,0.5740934157895852,-0.0806282,0.009056392,-0.0030043644,0.03576003,-0.0014990428,0.9993593,0.9493624,-0.31229004,-0.03443941,-0.3121415,-0.9499857,0.009744359,0.39983167724609375,0.14125789794921875,11.243170996093749,1.2736393,0.07116496,37.346027,0.030517578
-0.08393568158446013,0.008260336917835759,0.5835528338729132,-0.0806282,0.009056392,-0.0030043644,0.03572765,-0.0021358673,0.9993593,0.94364834,-0.3291533,-0.03443941,-0.3290159,-0.9442742,0.009744359,0.3232172241210937,0.01915361328125,11.154585534667968,1.2835032,0.07116496,37.68644,0.030517578
-0.08473506902812164,0.014788667707738212,0.6279188369961279,-0.0806282,0.009056392,-0.0030043644,0.035678867,-0.0028364388,0.9993593,0.93700856,-0.34760445,-0.034439407,-0.34747937,-0.937637,0.009744358,0.3758896606445312,0.1292868896484375,11.365275280761718,1.2949744,0.07116496,38.03328,0.030517578
-0.08446860654690114,0.012656967857974145,0.6981317007977318,-0.0806282,0.009056392,-0.0030043644,0.035608433,-0.0036147677,0.9993593,0.9291957,-0.36798003,-0.034439407,-0.36786872,-0.9298267,0.009744358,0.36152445068359373,0.181959326171875,11.219228979492186,1.3059632,0.07116496,38.374294,0.030395508
-0.08926493120887029,0.01572128639200999,0.7552879030195309,-0.0806282,0.009056392,-0.0030043644,0.035514724,-0.004442012,0.9993593,0.92038536,-0.38949275,-0.034439404,-0.3893962,-0.92101884,0.009744358,0.23223756103515625,0.076614453125,11.259930407714844,1.3130505,0.07116496,38.71792,0.030517578
-0.08766615632154724,0.015987748873230498,0.751690659523054,-0.0806282,0.009056392,-0.0030043644,0.035403296,-0.0052567744,0.9993593,0.9111941,-0.41053542,-0.034439407,-0.4104534,-0.9118296,0.009744358,0.36152445068359373,-0.01915361328125,11.259930407714844,1.3240833,0.07116496,39.061543,0.030517578
-0.0866003063966652,0.008793261880276773,0.7347702919655518,-0.0806282,0.009056392,-0.0030043644,0.035276853,-0.0060473857,0.9993593,0.9017829,-0.43081492,-0.034439404,-0.43074712,-0.90242004,0.009744357,0.3854664672851562,-0.040701428222656245,11.21683477783203,1.3358468,0.07116496,39.403854,0.030517578
-0.0846018377875114,0.0073277182335639785,0.6882725889925729,-0.0806282,0.009056392,-0.0030043644,0.035143938,-0.0067772386,0.9993593,0.8926601,-0.44941282,-0.034439404,-0.44935825,-0.8932985,0.009744357,0.35194764404296874,-0.1197100830078125,11.29344923095703,1.3465874,0.07116496,39.748505,0.030517578
-0.0814042880128653,0.012523736617363892,0.6175268002285281,-0.0806282,0.009056392,-0.0030043644,0.035010494,-0.00743591,0.9993593,0.88406456,-0.46609432,-0.034439407,-0.4660517,-0.8847039,0.009744357,0.38307226562499996,0.06943184814453125,11.25514200439453,1.3583246,0.07116496,40.093357,0.030639648
-0.08366921910323963,0.0127901990985844,0.6084670758670309,-0.0806282,0.009056392,-0.0030043644,0.034865804,-0.008087224,0.9993593,0.8752228,-0.48249257,-0.034439407,-0.48246187,-0.87586284,0.009744357,0.2561795776367187,0.09337386474609374,11.214440576171874,1.3661426,0.07116496,40.435596,0.030517578
-0.08047166932859352,0.009192955602107537,0.6801454833153475,-0.0806282,0.009056392,-0.0030043644,0.034683306,-0.008837179,0.9993593,0.8646149,-0.50125337,-0.034439404,-0.5012365,-0.86525553,0.009744357,0.33039982910156246,0.4285620971679687,11.25514200439453,1.3762256,0.08424363,40.779076,0.030517578
-0.08100459429103453,0.011191424211261349,0.8149754988129247,-0.0806282,0.009056392,-0.0030043644,0.034440476,-0.010151231,0.9993552,0.851514,-0.5231851,-0.034659833,-0.5231995,-0.85215867,0.009374816,0.3758896606445312,0.3950432739257812,11.307814440917968,1.3876969,0.096299395,41.124165,0.030517578
-0.08326952538140886,0.015454823910789483,0.9268897409255382,-0.0806282,0.009056392,-0.0030043644,0.034126762,-0.011672636,0.99934936,0.836124,-0.5474262,-0.034946807,-0.54747784,-0.83677256,0.008922098,0.13168109130859373,0.21068974609375,11.25514200439453,1.3876969,0.102729134,41.467644,0.030517578
-0.08646707515605495,0.012523736617363892,0.9743200625827887,-0.0806282,0.009056392,-0.0030043644,0.033764422,-0.012682685,0.99934936,0.8194689,-0.57205725,-0.034946803,-0.5721282,-0.82011575,0.008922098,0.20350714111328125,0.09816226806640624,11.204863769531249,1.3939074,0.102729134,41.80959,0.030517578
-0.08753292508093698,0.013989280264076687,0.9392802463022918,-0.0806282,0.009056392,-0.0030043644,0.03338167,-0.013658364,0.99934936,0.8025016,-0.5956256,-0.0349468,-0.5957153,-0.8031461,0.008922097,0.201112939453125,-0.06464344482421874,11.197681164550781,1.4001431,0.102729134,42.156784,0.03100586
-0.08473506902812164,0.015454823910789483,0.9320857593093381,-0.0806282,0.009056392,-0.0030043644,0.03297584,-0.014610992,0.99934936,0.7850729,-0.6184168,-0.0349468,-0.6185249,-0.7857145,0.008922096,0.26815058593749996,0.11013327636718749,11.214440576171874,1.4082937,0.102729134,42.497654,0.030395508
-0.08713323135910622,0.01438897398590745,0.9759188374701118,-0.0806282,0.009056392,-0.0030043644,0.032520346,-0.015598539,0.99934936,0.7660714,-0.6418048,-0.034946796,-0.64193225,-0.7667094,0.008922095,0.23223756103515625,0.00239420166015625,11.204863769531249,1.4154094,0.102729134,42.840965,0.030639648
-0.09219601850229589,0.010392036767599824,0.9931056675088346,-0.0806282,0.009056392,-0.0030043644,0.0320275,-0.01658695,0.99934936,0.7460612,-0.6649598,-0.03494679,-0.6651068,-0.74669504,0.008922095,0.3447650390625,0.062249243164062495,11.14022032470703,1.4259309,0.102729134,43.18094,0.030517578
-0.08620061267483445,0.01345635530163567,1.129534457893735,-0.0806282,0.009056392,-0.0030043644,0.031417374,-0.017715441,0.99934936,0.7219416,-0.691071,-0.034946784,-0.6912404,-0.7225698,0.008922094,0.2825157958984375,0.4955997436523437,11.283872424316405,1.4345526,0.11785364,43.525295,0.030517578
