GyroX,GyroY,GyroZ,ExpGravityX,ExpGravityY,ExpGravityZ,ExpOxX,ExpOxY,ExpOxZ,ExpOyX,ExpOyY,ExpOyZ,AccX,AccY,AccZ,AccNoiseX,AccNoiseY,AccNoiseZ,ExpSpeedX,ExpSpeedY,ExpSpeedZ,dT
0.0,0.0,0.0,0.10289459,-0.022908771,0.9944284,0.9946923,0.0023697668,-0.102867305,0.0,-0.99973476,-0.023031015,-0.0392649736404419,0.048722027802467344,-0.010631317138672713,-0.0001963248682022095,0.00024361013901233672,-5.315658569336357e-05,0.0,0.0,0.0,0.004501343
0.0,0.0,0.0,0.10289459,-0.022908771,0.9944284,0.9946923,0.0023697668,-0.102867305,0.0,-0.99973476,-0.023031015,0.022984269523620537,-0.008738812041282629,-0.04415014038085907,-8.042189624309578e-05,0.0001986980281108619,-0.0002736415046691921,0.0,0.0,0.0,0.025924683
0.0,0.0,0.0,0.10289459,-0.022908771,0.9944284,0.9946923,0.0023697668,-0.102867305,0.0,-0.99973476,-0.023031015,0.027772672843933033,0.019991607880592344,-0.013025518798828628,5.884357745778487e-05,0.0002976625773732693,-0.0003374008911399893,0.0,0.0,0.0,0.025787354
0.0,0.0,0.0,0.10289459,-0.022908771,0.9944284,0.9946923,0.0023697668,-0.102867305,0.0,-0.99973476,-0.023031015,-0.005746150398254435,0.03196261618137361,0.013310699462889986,2.9818607579223767e-05,0.000455987345393271,-0.0002691603893698394,0.0,0.0,0.0,0.025787354
0.0,0.0,0.0,0.10289459,-0.022908771,0.9944284,0.9946923,0.0023697668,-0.102867305,0.0,-0.99973476,-0.023031015,-0.005746150398254435,0.03435681784152986,0.04682952270507812,9.387625500554757e-07,0.0006254914978739539,-3.3666973897599595e-05,0.0,0.0,0.0,0.025772095
0.0,0.0,0.0,0.10289459,-0.022908771,0.9944284,0.9946923,0.0023697668,-0.102867305,0.0,-0.99973476,-0.023031015,0.027772672843933033,-0.05183444192409514,0.013310699462889986,0.00013979743295697037,0.00036319183076410845,3.305485828633833e-05,0.0,0.0,0.0,0.025802612
0.0,0.0,0.0,0.10289459,-0.022908771,0.9944284,0.9946923,0.0023697668,-0.102867305,0.0,-0.99973476,-0.023031015,0.034955277824401776,0.0056263979196548575,-0.02020812377929815,0.00031387483491419443,0.0003895078612085622,-6.815103490158411e-05,0.0,0.0,0.0,0.025741577
0.0,0.0,0.0,0.10289459,-0.022908771,0.9944284,0.9946923,0.0023697668,-0.102867305,0.0,-0.99973476,-0.023031015,-0.01053455371856693,0.015203204560279848,0.07555994262695265,0.0002596326921467888,0.0004635763447039186,0.00030998943340768706,0.0,0.0,0.0,0.025787354
0.0,0.0,0.0,0.10289459,-0.022908771,0.9944284,0.9946923,0.0023697668,-0.102867305,0.0,-0.99973476,-0.023031015,0.0014364545822143082,-0.011133013701438904,0.05640632934570178,0.00026551680159712644,0.00040559339447320447,0.0005904711329691576,0.0,0.0,0.0,0.025741577
0.0,0.0,0.0,0.10289459,-0.022908771,0.9944284,0.9946923,0.0023697668,-0.102867305,0.0,-0.99973476,-0.023031015,-0.017717158699035673,0.0032321962594986098,0.020493304443359506,0.0001756034240939624,0.0004197264087983315,0.0006899852995211094,0.0,0.0,0.0,0.025772095
0.0,0.0,0.0,0.10289459,-0.022908771,0.9944284,0.9946923,0.0023697668,-0.102867305,0.0,-0.99973476,-0.023031015,0.006224857902526804,0.015203204560279848,-0.04654434204101676,0.0002058496964861266,0.0004936437995557391,0.00045381366281842,0.0,0.0,0.0,0.025772095
0.0,0.0,0.0,0.10289459,-0.022908771,0.9944284,0.9946923,0.0023697668,-0.102867305,0.0,-0.99973476,-0.023031015,0.05410889110565176,-0.0015562070608138856,0.042041119384764514,0.00047536490353195475,0.0004833945452538909,0.0006617501914281505,0.0,0.0,0.0,0.026016235
0.0,0.0,0.0,0.10289459,-0.022908771,0.9944284,0.9946923,0.0023697668,-0.102867305,0.0,-0.99973476,-0.023031015,0.04213788280487052,-0.003950408720970133,-0.008237115478516799,0.0006836774930386476,0.00046122552892277076,0.0006172558630784257,0.0,0.0,0.0,0.025878906
0.0,0.0,0.0,0.10289459,-0.022908771,0.9944284,0.9946923,0.0023697668,-0.102867305,0.0,-0.99973476,-0.023031015,0.03256107616424553,0.010414801239967353,-0.03936173706054724,0.000843064486394682,0.0005109934074779937,0.00041736089846029735,0.0,0.0,0.0,0.025756836
0.0,0.0,0.0,0.10289459,-0.022908771,0.9944284,0.9946923,0.0023697668,-0.102867305,0.0,-0.99973476,-0.023031015,-0.02011136035919192,-0.02549822366237639,0.07555994262695265,0.000738292362166749,0.0003809473221287218,0.0007930738071027591,0.0,0.0,0.0,0.025772095
0.0,0.0,0.0,0.10289459,-0.022908771,0.9944284,0.9946923,0.0023697668,-0.102867305,0.0,-0.99973476,-0.023031015,0.006224857902526804,0.027174212861061114,0.02767590942382725,0.0007657251898685494,0.0005149136498233838,0.0009274879851863815,0.0,0.0,0.0,0.025726318
0.0,0.0,0.0,0.10289459,-0.022908771,0.9944284,0.9946923,0.0023697668,-0.102867305,0.0,-0.99973476,-0.023031015,0.018195866203308042,0.0128090029001236,0.049223724365234034,0.0008528758949357468,0.0005763840960748849,0.0011689691670866199,0.0,0.0,0.0,0.025772095
0.0,0.0,0.0,0.10289459,-0.022908771,0.9944284,0.9946923,0.0023697668,-0.102867305,0.0,-0.99973476,-0.023031015,-0.0392649736404419,0.0128090029001236,-0.060909552001954026,0.0006522866472588587,0.0006375471900951285,0.0008585765612414167,0.0,0.0,0.0,0.025741577
0.0,0.0,0.0,0.10289459,-0.022908771,0.9944284,0.9946923,0.0023697668,-0.102867305,0.0,-0.99973476,-0.023031015,-0.07757220020294198,-0.006344610381126381,0.15217439575195257,0.00026116421300785445,0.0006026364022390209,0.0016151556571949726,0.0,0.0,0.003917209,0.025741577
0.0,0.0,0.0,0.10289459,-0.022908771,0.9944284,0.9946923,0.0023697668,-0.102867305,0.0,-0.99973476,-0.023031015,-0.058418586921691995,0.0654814394235611,0.05640632934570178,-3.2234542665644805e-05,0.0009270304173456313,0.0018891115256375066,0.0,0.0,0.003917209,0.025741577
0.0,0.0,0.0,0.10289459,-0.022908771,0.9944284,0.9946923,0.0023697668,-0.102867305,0.0,-0.99973476,-0.023031015,-0.02250556201934817,0.0032321962594986098,-0.005842913818359108,-0.00014460118004905743,0.0009385562465563961,0.0018504513989175235,0.0,0.0,0.003917209,0.025726318
0.0,0.0,0.0,0.10289459,-0.022908771,0.9944284,0.9946923,0.0023697668,-0.102867305,0.0,-0.99973476,-0.023031015,-0.06560119190216074,0.0032321962594986098,0.018099102783201815,-0.0004718841336596158,0.0009500244466211071,0.0019316946558389449,0.0,0.0,0.003917209,0.025772095
0.0,0.0,0.0,0.10289459,-0.022908771,0.9944284,0.9946923,0.0023697668,-0.102867305,0.0,-0.99973476,-0.023031015,0.027772672843933033,0.0128090029001236,0.0635889343261713,-0.0003306613487716526,0.0010093193388886195,0.0022399808541906066,0.0,0.0,0.003917209,0.025726318
0.0,0.0,0.0,0.10289459,-0.022908771,0.9944284,0.9946923,0.0023697668,-0.102867305,0.0,-0.99973476,-0.023031015,0.046926286125183014,0.06787564108371735,-0.03457333374023541,-9.437661140187931e-05,0.001343650947612763,0.0020559142812184763,0.0,0.0,0.003917209,0.025787354
0.0,0.0,0.0,0.10289459,-0.022908771,0.9944284,0.9946923,0.0023697668,-0.102867305,0.0,-0.99973476,-0.023031015,-0.05363018360137939,-0.04704603860378265,-0.010631317138672713,-0.00036205564635176683,0.001101702499855786,0.0019924781241190204,0.0,0.0,0.003917209,0.025741577
0.0,0.0,0.0,0.10289459,-0.022908771,0.9944284,0.9946923,0.0023697668,-0.102867305,0.0,-0.99973476,-0.023031015,0.011013261222839299,0.008020599579811105,-0.08963997192382855,-0.0003051790620058115,0.0011362969852555626,0.0015343158738792826,0.0,0.0,0.003917209,0.025741577
0.0,0.0,0.0,0.10289459,-0.022908771,0.9944284,0.9946923,0.0023697668,-0.102867305,0.0,-0.99973476,-0.023031015,-0.0440533769607544,0.008020599579811105,-0.003448712158203193,-0.0005239200514995544,0.0011707184982283404,0.0015094007337188703,0.0,0.0,0.003917209,0.025741577
0.0,0.0,0.0,0.10289459,-0.022908771,0.9944284,0.9946923,0.0023697668,-0.102867305,0.0,-0.99973476,-0.023031015,-0.09433161182403571,0.019991607880592344,-0.04415014038085907,-0.000992958510362235,0.0012648229451401602,0.0012811030281459806,0.0,0.0,0.003917209,0.025802612
0.0,0.0,0.0,0.10289459,-0.022908771,0.9944284,0.9946923,0.0023697668,-0.102867305,0.0,-0.99973476,-0.023031015,-0.06081278858184824,-0.03746923196315763,0.05401212768554586,-0.001292057660719665,0.0010711526705986713,0.0015447581514329801,0.0,0.0,0.003917209,0.02583313
0.0,0.0,0.0,0.10289459,-0.022908771,0.9944284,0.9946923,0.0023697668,-0.102867305,0.0,-0.99973476,-0.023031015,0.003830656242370556,0.03196261618137361,-0.04654434204101676,-0.0012664440912042141,0.001225609988152546,0.0013043126504707315,0.0,0.0,0.003917209,0.025878906
0.0,0.0,0.0,0.10289459,-0.022908771,0.9944284,0.9946923,0.0023697668,-0.102867305,0.0,-0.99973476,-0.023031015,0.013407462882995547,-0.0159214170217514,0.049223724365234034,-0.0011930745563332153,0.0011398748531030263,0.0015439097090445481,0.0,0.0,0.003917209,0.025924683
0.0,0.0,0.0,0.10289459,-0.022908771,0.9944284,0.9946923,0.0023697668,-0.102867305,0.0,-0.99973476,-0.023031015,0.027772672843933033,0.024780011200904867,-0.06809215698242177,-0.001048245819331884,0.0012580755348420355,0.0011957293755872167,0.0,0.0,0.003917209,0.025802612
0.0,0.0,0.0,0.10289459,-0.022908771,0.9944284,0.9946923,0.0023697668,-0.102867305,0.0,-0.99973476,-0.023031015,0.011013261222839299,0.024780011200904867,-0.06330375366210994,-0.000987938284121028,0.0013756852131723495,0.000873231960398731,0.0,0.0,0.003917209,0.025909424
0.0,0.0,0.0,0.10289459,-0.022908771,0.9944284,0.9946923,0.0023697668,-0.102867305,0.0,-0.99973476,-0.023031015,-0.003351948738098187,-0.04225763528347015,-0.03457333374023541,-0.000999758336390914,0.001157518610689137,0.0006959991318955602,0.0,0.0,0.003917209,0.02583313
0.0,0.0,0.0,0.10289459,-0.022908771,0.9944284,0.9946923,0.0023697668,-0.102867305,0.0,-0.99973476,-0.023031015,-0.046447578620910646,0.008020599579811105,0.03485851440429677,-0.0012269974378135125,0.0011918340155347468,0.0008668117082575662,0.0,0.0,0.003917209,0.026153564
0.0,0.0,0.0,0.10289459,-0.022908771,0.9944284,0.9946923,0.0023697668,-0.102867305,0.0,-0.99973476,-0.023031015,-0.017717158699035673,-0.003950408720970133,0.010916497802734071,-0.0013094482441196233,0.0011661228018522223,0.0009170601387299487,0.0,0.0,0.003917209,0.025817871
0.0,0.0,0.0,0.10289459,-0.022908771,0.9944284,0.9946923,0.0023697668,-0.102867305,0.0,-0.99973476,-0.023031015,-0.0440533769607544,-0.008738812041282629,0.0635889343261713,-0.001523167887702797,0.0011165981276365481,0.0012304195096671554,0.0,0.0,0.003917209,0.025772095
0.0,0.0,0.0,0.10289459,-0.022908771,0.9944284,0.9946923,0.0023697668,-0.102867305,0.0,-0.99973476,-0.023031015,-0.02250556201934817,-0.04225763528347015,0.05401212768554586,-0.001628079858361024,0.0008997269605810147,0.0014943280505465488,0.0,0.0,0.003917209,0.02571106
0.0,0.0,0.0,0.10289459,-0.022908771,0.9944284,0.9946923,0.0023697668,-0.102867305,0.0,-0.99973476,-0.023031015,-0.03208236865997316,0.04393362448215485,0.02767590942382725,-0.0017803513023690845,0.0011148964481888838,0.0016252359574129524,0.0,0.0,0.003917209,0.025756836
0.0,0.0,0.0,0.10289459,-0.022908771,0.9944284,0.9946923,0.0023697668,-0.102867305,0.0,-0.99973476,-0.023031015,-0.015322957038879426,0.05829883444309236,0.0635889343261713,-0.0018480643310516361,0.0014008161381634013,0.001935054449256744,0.0,0.0,0.003917209,0.02571106
0.0,0.0,0.0,0.10289459,-0.022908771,0.9944284,0.9946923,0.0023697668,-0.102867305,0.0,-0.99973476,-0.023031015,0.0014364545822143082,0.03914522116184235,0.0037338928222645507,-0.0018316417364853065,0.0015895381632817962,0.0019440486411217831,0.0,0.0,0.003917209,0.02571106
0.0,0.0,0.0,0.10289459,-0.022908771,0.9944284,0.9946923,0.0023697668,-0.102867305,0.0,-0.99973476,-0.023031015,0.015801664543151794,-0.008738812041282629,0.020493304443359506,-0.0017434752050871209,0.001537896412258974,0.0020367949201329717,0.0,0.0,0.003917209,0.02571106
0.0,0.0,0.0,0.10289459,-0.022908771,0.9944284,0.9946923,0.0023697668,-0.102867305,0.0,-0.99973476,-0.023031015,0.018195866203308042,-0.013527215361595152,-0.0010545104980472786,-0.0016437784980451449,0.0014625708533897034,0.0020213383930420704,0.0,0.0,0.003917209,0.02571106
0.0,0.0,0.0,0.10289459,-0.022908771,0.9944284,0.9946923,0.0023697668,-0.102867305,0.0,-0.99973476,-0.023031015,0.011013261222839299,0.03196261618137361,-0.0010545104980472786,-0.0015804932994407225,0.0016150710800296227,0.0020059591485866233,0.0,0.0,0.003917209,0.025756836
0.0,0.0,0.0,0.10289459,-0.022908771,0.9944284,0.9946923,0.0023697668,-0.102867305,0.0,-0.99973476,-0.023031015,-0.003351948738098187,0.017597406220436096,0.02767590942382725,-0.0015893505766340099,0.001694982755731655,0.002134308899962826,0.0,0.0,0.003917209,0.025726318
0.0,0.0,0.0,0.10289459,-0.022908771,0.9944284,0.9946923,0.0023697668,-0.102867305,0.0,-0.99973476,-0.023031015,0.0014364545822143082,-0.03746923196315763,0.030070111083983164,-0.0015742215508397683,0.0014991616821372086,0.002273987910882928,0.0,0.0,0.003917209,0.025756836
0.0,0.0,0.0,0.10289459,-0.022908771,0.9944284,0.9946923,0.0023697668,-0.102867305,0.0,-0.99973476,-0.023031015,0.06368569774627675,0.010414801239967353,-0.05133274536132859,-0.0012479219543541859,0.0015437398799263593,0.0020059542445218705,0.0,0.0,0.003917209,0.02571106
0.0,0.0,0.0,0.10289459,-0.022908771,0.9944284,0.9946923,0.0023697668,-0.102867305,0.0,-0.99973476,-0.023031015,-0.01053455371856693,0.010414801239967353,0.006128094482422242,-0.0012943551131752496,0.0015880951867265642,0.0020265649457113727,0.0,0.0,0.003917209,0.025726318
0.0,0.0,0.0,0.10289459,-0.022908771,0.9944284,0.9946923,0.0023697668,-0.102867305,0.0,-0.99973476,-0.023031015,0.11396393260955806,0.024780011200904867,-0.03696753540039133,-0.0007180636745615829,0.0017040547667974556,0.001831594443980859,0.0029301334,0.0,0.003917209,0.02571106
0.0,0.0,0.0,0.10289459,-0.022908771,0.9944284,0.9946923,0.0023697668,-0.102867305,0.0,-0.99973476,-0.023031015,0.046926286125183014,0.015203204560279848,0.018099102783201815,-0.00047984192556286,0.0017715505157648674,0.0019129319856769638,0.0029301334,0.0,0.003917209,0.02571106
0.0,0.0,0.0,0.10289459,-0.022908771,0.9944284,0.9946923,0.0023697668,-0.102867305,0.0,-0.99973476,-0.023031015,-0.03447657032012941,0.0008379945993423621,0.018099102783201815,-0.0006498255675356928,0.001766882736182755,0.001993862839664588,0.0029301334,0.0,0.003917209,0.025756836
0.0,0.0,0.0,0.10289459,-0.022908771,0.9944284,0.9946923,0.0023697668,-0.102867305,0.0,-0.99973476,-0.023031015,0.008619059562683051,-0.003950408720970133,0.010916497802734071,-0.0006034811418845991,0.0017382962788969904,0.0020384760144799355,0.0029301334,0.0,0.003917209,0.025741577
0.0,0.0,0.0,0.10289459,-0.022908771,0.9944284,0.9946923,0.0023697668,-0.102867305,0.0,-0.99973476,-0.023031015,0.011013261222839299,0.02238580954074862,-0.02020812377929815,-0.0005453974300609796,0.0018415338452062485,0.001927243015511045,0.0029301334,0.0,0.003917209,0.025772095
0.0,0.0,0.0,0.10289459,-0.022908771,0.9944284,0.9946923,0.0023697668,-0.102867305,0.0,-0.99973476,-0.023031015,-0.008140352058410683,-0.020709820342063895,-0.02020812377929815,-0.000583372203202728,0.0017287770742698979,0.001816566181536999,0.0029301334,0.0,0.003917209,0.025772095
0.0,0.0,0.0,0.10289459,-0.022908771,0.9944284,0.9946923,0.0023697668,-0.102867305,0.0,-0.99973476,-0.023031015,-0.0440533769607544,-0.05422864358425139,0.001339691162108636,-0.0008007222269904864,0.0014489899709772913,0.0018141818064398572,0.0029301334,0.0,0.003917209,0.025741577
0.0,0.0,0.0,0.10289459,-0.022908771,0.9944284,0.9946923,0.0023697668,-0.102867305,0.0,-0.99973476,-0.023031015,0.025378471183776785,0.0008379945993423621,0.04682952270507812,-0.00066982625993665,0.0014459349941191167,0.0020392585109330484,0.0029301334,0.0,0.003917209,0.02571106
0.0,0.0,0.0,0.10289459,-0.022908771,0.9944284,0.9946923,0.0023697668,-0.102867305,0.0,-0.99973476,-0.023031015,-0.0009577470779419395,-0.03268082864284513,-0.029784930419921807,-0.0006712658640266764,0.0012753011759342955,0.001880137566278774,0.0029301334,0.0,0.003917209,0.025741577
0.0,0.0,0.0,0.10289459,-0.022908771,0.9944284,0.9946923,0.0023697668,-0.102867305,0.0,-0.99973476,-0.023031015,-0.015322957038879426,0.03435681784152986,0.018099102783201815,-0.0007445243199009401,0.0014407087592622732,0.001961232392363389,0.0029301334,0.0,0.003917209,0.02571106
0.0,0.0,0.0,0.10289459,-0.022908771,0.9944284,0.9946923,0.0023697668,-0.102867305,0.0,-0.99973476,-0.023031015,0.034955277824401776,-0.011133013701438904,-0.05612114868164042,-0.0005660253091794266,0.0013778401469587672,0.0016708204869933698,0.0029301334,0.0,0.003917209,0.025970459
0.0,0.0,0.0,0.10289459,-0.022908771,0.9944284,0.9946923,0.0023697668,-0.102867305,0.0,-0.99973476,-0.023031015,0.034955277824401776,-0.013527215361595152,0.0157049011230459,-0.00038841879351152056,0.0013033148694159976,0.0017409908901736325,0.0029301334,0.0,0.003917209,0.025802612
0.0,0.0,0.0,0.10289459,-0.022908771,0.9944284,0.9946923,0.0023697668,-0.102867305,0.0,-0.99973476,-0.023031015,-0.003351948738098187,0.05351043112277987,-0.10879358520507942,-0.00040323644323445393,0.001564350450682817,0.0011883180096973673,0.0029301334,0.0,0.0011200105,0.02571106
0.0,0.0,0.0,0.10289459,-0.022908771,0.9944284,0.9946923,0.0023697668,-0.102867305,0.0,-0.99973476,-0.023031015,0.011013261222839299,0.0056263979196548575,-0.024996527099609978,-0.0003461539549040852,0.001584660688027677,0.0010573937841508306,0.0029301334,0.0,0.0011200105,0.025741577
0.0,0.0,0.0,0.10289459,-0.022908771,0.9944284,0.9946923,0.0023697668,-0.102867305,0.0,-0.99973476,-0.023031015,-0.003351948738098187,-0.05183444192409514,-0.08485156860351672,-0.00036118292882005574,0.001317565174967063,0.0006278489722124929,0.0029301334,0.0,0.0011200105,0.0256958
0.0,0.0,0.0,0.10289459,-0.022908771,0.9944284,0.9946923,0.0023697668,-0.102867305,0.0,-0.99973476,-0.023031015,-0.027293965339660664,0.0128090029001236,0.013310699462889986,-0.0004958468408742588,0.0013750223635928456,0.0006912632246658803,0.0029301334,0.0,0.0011200105,0.02571106
0.0,0.0,0.0,0.10289459,-0.022908771,0.9944284,0.9946923,0.0023697668,-0.102867305,0.0,-0.99973476,-0.023031015,0.011013261222839299,0.036751019501686105,-0.022602325439454063,-0.000438301300555691,0.0015519023492833117,0.0005747952813452805,0.0029301334,0.0,0.0011200105,0.02571106
0.0,0.0,0.0,0.10289459,-0.022908771,0.9944284,0.9946923,0.0023697668,-0.102867305,0.0,-0.99973476,-0.023031015,0.015801664543151794,0.055904632782936114,0.02767590942382725,-0.00035710147133715363,0.0018236660014515757,0.0007103008520576903,0.0029301334,0.0,0.0011200105,0.0256958
0.0,0.0,0.0,0.10289459,-0.022908771,0.9944284,0.9946923,0.0023697668,-0.102867305,0.0,-0.99973476,-0.023031015,-0.0009577470779419395,-0.023104022002220143,0.018099102783201815,-0.0003601046993701776,0.001699027561433217,0.0007972448617134109,0.0029301334,0.0,0.0011200105,0.025726318
0.0,0.0,0.0,0.10289459,-0.022908771,0.9944284,0.9946923,0.0023697668,-0.102867305,0.0,-0.99973476,-0.023031015,-0.02250556201934817,0.015203204560279848,-0.022602325439454063,-0.00047083198597006753,0.00176654844642745,0.0006802470102075735,0.0029301334,0.0,0.0011200105,0.0256958
0.0,0.0,0.0,0.10289459,-0.022908771,0.9944284,0.9946923,0.0023697668,-0.102867305,0.0,-0.99973476,-0.023031015,-0.027293965339660664,-0.0159214170217514,-0.008237115478516799,-0.0006049476527385206,0.0016781086190865557,0.0006356601977639517,0.0029301334,0.0,0.0011200105,0.025741577
0.0,0.0,0.0,0.10289459,-0.022908771,0.9944284,0.9946923,0.0023697668,-0.102867305,0.0,-0.99973476,-0.023031015,0.03256107616424553,-0.013527215361595152,0.013310699462889986,-0.0004391175336536003,0.001602081999183147,0.0006990353940895819,0.0029301334,0.0,0.0011200105,0.0256958
0.0,0.0,0.0,0.10289459,-0.022908771,0.9944284,0.9946923,0.0023697668,-0.102867305,0.0,-0.99973476,-0.023031015,0.046926286125183014,0.029568414521217362,0.07316574096679673,-0.0002022905153594172,0.001741913661793318,0.0010613689219531176,0.0029301334,0.0,0.0011200105,0.025726318
0.0,0.0,0.0,0.10289459,-0.022908771,0.9944284,0.9946923,0.0023697668,-0.102867305,0.0,-0.99973476,-0.023031015,-0.036870771980285655,0.0128090029001236,0.001339691162108636,-0.0003856329226840484,0.0017972491079849692,0.0010627605331538952,0.0029301334,0.0,0.0011200105,0.025665283
0.0,0.0,0.0,0.10289459,-0.022908771,0.9944284,0.9946923,0.0023697668,-0.102867305,0.0,-0.99973476,-0.023031015,-0.03447657032012941,0.04393362448215485,0.020493304443359506,-0.0005560876096712753,0.0020079309848558186,0.0011599132527049232,0.0029301334,0.0,0.0011200105,0.025680542
0.0,0.0,0.0,0.10289459,-0.022908771,0.9944284,0.9946923,0.0023697668,-0.102867305,0.0,-0.99973476,-0.023031015,-0.029688166999816912,-0.02549822366237639,0.049223724365234034,-0.0007017480066220035,0.0018704002116196575,0.0014002323082675688,0.0029301334,0.0,0.0011200105,0.0256958
0.0,0.0,0.0,0.10289459,-0.022908771,0.9944284,0.9946923,0.0023697668,-0.102867305,0.0,-0.99973476,-0.023031015,0.008619059562683051,-0.02549822366237639,-0.03457333374023541,-0.0006551439687754782,0.0017335570922496772,0.0012203644780250538,0.0029301334,0.0,0.0011200105,0.025726318
0.0,0.0,0.0,0.10289459,-0.022908771,0.9944284,0.9946923,0.0023697668,-0.102867305,0.0,-0.99973476,-0.023031015,0.056503092765808005,0.027174212861061114,0.02288750610351542,-0.0003693527851025608,0.0018607603710937344,0.0013287001861525057,0.0029301334,0.0,0.0011200105,0.025726318
0.0,0.0,0.0,0.10289459,-0.022908771,0.9944284,0.9946923,0.0023697668,-0.102867305,0.0,-0.99973476,-0.023031015,0.05410889110565176,-0.03507503030300138,0.0037338928222645507,-9.696156564878921e-05,0.0016760814177232588,0.0013407261493330659,0.0029301334,0.0,0.0011200105,0.02571106
0.0,0.0,-0.15098432,0.10298269,-0.022509404,0.9944284,0.99467564,0.00622882,-0.102867305,0.0038786337,-0.99972725,-0.023031015,0.029436240768432542,0.11484195876121521,-0.017813922119140457,5.070444602161745e-05,0.0022419108044407186,0.0012449529079906984,0.0029301334,0.002950956,0.0011200105,0.0256958
0.0,0.0,-0.093828104,0.1030366,-0.022261344,0.9944284,0.99465775,0.008624105,-0.102867305,0.0062860907,-0.99971503,-0.023031015,-0.011712222290039098,0.0074399655103683515,0.05640632934570178,-8.110187658686132e-06,0.002267901077970357,0.0015207597901792538,0.0029301334,0.002950956,0.0011200105,0.025665283
-0.020449657,0.0,-0.14738706,0.10312106,-0.022393344,0.99441665,0.9946178,0.012440551,-0.10286176,0.010067675,-0.9996719,-0.023555702,-0.07466193923950204,0.025294031333923356,0.02777223052978428,-0.00038137933291790293,0.002383031729250122,0.001652017143877279,0.0029301334,0.002950956,0.0011200105,0.025665283
0.0,-0.03757787,-0.08423545,0.10413064,-0.02216878,0.99431646,0.9944887,0.014595821,-0.10382325,0.0122112315,-0.99964774,-0.023566471,0.08216560888290403,0.2317272882461548,-0.028857958984374932,3.1355608161206725e-05,0.0035297530118346453,0.001499467263236018,0.0029301334,0.008912446,0.0011200105,0.025726318
0.0,0.0,-0.04719717,0.1041577,-0.022041276,0.99431646,0.9944701,0.015813354,-0.10382325,0.0134350825,-0.99963206,-0.023566471,0.03166296253204337,0.0942004221200943,0.03339128417968773,0.00018951364278061754,0.003983106357375943,0.0016589263478182766,0.0029301334,0.008912446,0.0011200105,0.025939941
-0.030442,-0.02332213,-0.020017996,0.10476616,-0.022766588,0.9942362,0.9943993,0.016407369,-0.10440764,0.013935793,-0.99960613,-0.02435801,-0.04042051515579226,0.009235687255859382,0.04124050750732344,-1.3536501212246864e-05,0.00400936926186836,0.0018568342536158023,0.0029301334,0.008912446,0.0011200105,0.025741577
-0.03350632,-0.02558706,0.0,0.10541905,-0.023621542,0.9941472,0.9943305,0.01649743,-0.10504649,0.013919513,-0.99958485,-0.025226759,0.06908679780960081,-0.23985382847785947,-0.060972973632813066,0.00033196517034181843,0.00279005327316972,0.001542685214183658,0.0029301334,0.0027565295,0.0011200105,0.025665283
-0.06121842,-0.038110796,-0.0451987,0.10642081,-0.025062265,0.99400514,0.99420726,0.01781818,-0.105993174,0.015054934,-0.9995271,-0.026813306,-0.37975376462936405,-0.024398936319351194,0.29215341186523425,-0.001568463478656711,0.0026541083252071157,0.002995738847438911,-0.0068279435,0.0027565295,0.008627126,0.0256958
-0.14542055,-0.052633002,-0.039070062,0.10779033,-0.02866431,0.9937602,0.99404466,0.019213011,-0.10726698,0.016018393,-0.99940443,-0.030564575,-0.21872855253219603,0.47234174687862396,-0.06734066619873147,-0.0026542639239244075,0.0050025465179742,0.002644056822208059,-0.012441673,0.014879314,0.008627126,0.025665283
-0.07147722,0.041827947,-0.045465164,0.10675729,-0.03036324,0.99382126,0.994136,0.020569565,-0.10616263,0.017219031,-0.99932724,-0.032381136,0.07474830141067501,-0.15042686171531677,0.140449430847168,-0.0022672510972514106,0.004225399476807745,0.0033330836923328587,-0.012441673,0.011016271,0.012233944,0.025680542
-0.07427508,-0.087672815,-0.028278332,0.10902127,-0.032183483,0.9935182,0.9938788,0.021497669,-0.10836443,0.01787078,-0.99925077,-0.034330178,-0.6120088884353638,-0.12575497016906734,0.8348866424560537,-0.005315959283941973,0.003575497628578369,0.0074908514861514635,-0.028186409,0.0077810585,0.033712503,0.025726318
-0.18459055,-0.2163742,-0.06158614,0.114730045,-0.03682474,0.9927138,0.9932096,0.023647003,-0.11391013,0.01928,-0.999042,-0.039287705,-0.6880815491676331,0.16173143362998962,0.4656679336547853,-0.008729787233360427,0.0043662773085854254,0.009781736896994632,-0.046287186,0.012035591,0.045962434,0.026306152
-0.09346038,-0.14989181,0.0,0.118799895,-0.03936237,0.99213755,0.99273425,0.0239434,-0.11792138,0.019113485,-0.99893814,-0.041920844,-0.34354857854843146,0.27136120896339416,-0.15683499298095782,-0.010403881189935783,0.005701251966859469,0.008948653247604871,-0.055686336,0.019459764,0.041671585,0.027359009
0.036040388,-0.03411386,0.08110452,0.11964304,-0.03864549,0.9920644,0.99267405,0.021613553,-0.11887459,0.016848072,-0.99901927,-0.040948283,-0.16139868946075442,-0.03864742875099181,-0.17538111572265613,-0.011158855231289877,0.005479508563270213,0.008027004402753566,-0.060121745,0.019459764,0.036851924,0.02748108
0.06375249,0.07393668,0.13079977,0.1174952,-0.037336245,0.9923712,0.9929838,0.017846644,-0.11689626,0.013346029,-0.9991434,-0.039171178,-0.28245061054229736,-0.10457147021293639,-0.11567722930908175,-0.012515314007844914,0.004929253669389179,0.007408483234194389,-0.06786656,0.01659241,0.033680048,0.027420044
0.0,0.14601476,0.05685643,0.11344477,-0.037517067,0.9928356,0.99347264,0.016291294,-0.11290192,0.011938829,-0.9991632,-0.039120335,-0.3326578883171082,-0.3353094975948333,0.03848914337158149,-0.01411602687939123,0.0032280599130680666,0.007563886534881325,-0.077028655,0.007357277,0.033680048,0.027542114
0.108651415,0.31188768,-0.04413285,0.10486117,-0.034377284,0.9938924,0.9943954,0.01718422,-0.10431983,0.013493035,-0.9992612,-0.035986565,-0.1848605881690979,-0.21530106816291805,-0.08280164794921951,-0.014969749685839764,0.002135414272688136,0.007112058862460821,-0.08217652,0.0013617257,0.033680048,0.02784729
0.22256412,0.39635628,-0.10528599,0.09397488,-0.027921572,0.9951828,0.9954331,0.01948846,-0.09345171,0.016785266,-0.99942017,-0.02962548,-0.27175270671844487,-0.1826463278055191,0.4140669708251945,-0.01625366447100279,0.0012115055622970998,0.00914683342227449,-0.0897441,-0.0037244796,0.04521069,0.02784729
0.1073191,0.20850022,-0.044532545,0.08824017,-0.024840267,0.9957893,0.99593323,0.020450361,-0.08774276,0.018184701,-0.9994823,-0.026543789,-0.5258648215293884,0.04319193296432497,0.10257947998046824,-0.01880172025629472,0.001421407699307239,0.009613996655065458,-0.10435591,-0.0037244796,0.048060987,0.027786255
-0.08986314,0.11270697,-0.023482008,0.08514002,-0.027269084,0.9959956,0.9961893,0.02131493,-0.08457298,0.018923353,-0.9994009,-0.02897992,-0.28707166194915773,-0.20960515670776364,-0.2630500640869142,-0.020143069964759036,0.0003662748772718847,0.00825067635135556,-0.11232817,-0.009545424,0.040755823,0.027770996
0.0,0.14814647,-0.027212482,0.08103977,-0.027205946,0.9963393,0.99651414,0.022072032,-0.08045127,0.019802485,-0.9993862,-0.028899819,-0.025619604110717842,-0.028169427537918068,-0.2898426132202152,-0.02017045263548883,0.0002235963651959349,0.006760209903497707,-0.11232817,-0.009545424,0.03266238,0.027923584
0.024715733,0.13189226,-0.07837328,0.07744218,-0.026348088,0.99664843,0.9967522,0.024190735,-0.076810695,0.022085847,-0.99936014,-0.028135894,-0.2687240844726563,-0.21006026110649106,-0.17030085144043028,-0.021413220794674667,-0.0008278229221625,0.005874904596778067,-0.119803205,-0.015388623,0.02792516,0.027816772
0.0,0.05768247,-0.15804556,0.075962074,-0.026011804,0.99677116,0.9967582,0.028560791,-0.07521574,0.026512083,-0.99925363,-0.028097011,-0.08406724004745492,0.050513139390945455,0.10401476898193351,-0.021726490890938567,-0.0005711181105969602,0.006365603918703845,-0.119803205,-0.015388623,0.03081058,0.027740479
0.0,-0.02572029,-0.17176837,0.07679632,-0.02564786,0.9967167,0.9965569,0.03330983,-0.075926855,0.031253107,-0.999116,-0.02811762,-0.24421445741653447,0.11932104840278626,-0.25227019042968735,-0.022838930723566547,2.8342721969955927e-05,0.005072424946961889,-0.12657782,-0.0120786,0.023812484,0.027740479
0.04763151,0.040895328,-0.116477415,0.075742394,-0.024079196,0.9968364,0.99652964,0.036440503,-0.07483882,0.03452317,-0.9990457,-0.026755719,0.23378913545608515,0.24757017302513123,-0.5812685928344727,-0.02155579039266829,0.0012660518734857623,0.002140719858054716,-0.120071,-0.0051882192,0.0076345983,0.027832031
0.082937784,0.06088002,-0.13233194,0.07414241,-0.021510411,0.9970154,0.9965145,0.039928358,-0.07324369,0.038233694,-0.99897105,-0.024395816,0.14410699443817132,0.04670242297649385,0.10198821105957023,-0.02072747646851409,0.001493233729000803,0.0026399573140622936,-0.11607341,-0.0051882192,0.0104638,0.027740479
0.12623794,-0.050101608,-0.27009302,0.0756766,-0.017451005,0.9969795,0.9960847,0.04714597,-0.07478342,0.04569853,-0.9987356,-0.02095052,0.1960275894165039,-0.10667188656330107,0.10946931610107313,-0.019643701139089,0.0009524081275392935,0.0031741041079973477,-0.11062653,-0.008152232,0.013505543,0.027786255
0.13436505,-0.04304035,-0.25104097,0.0769751,-0.013198703,0.99694544,0.99564254,0.053807274,-0.07616212,0.05263769,-0.99846417,-0.017283004,0.3911605782508849,0.24113649797439574,-0.48401040802002004,-0.017589679742139132,0.002153328576773576,0.0007381815473572607,-0.09976362,-0.0014556309,6.40915e-05,0.027770996
0.06921497,0.0,-0.24158156,0.077056915,-0.010717528,0.99696887,0.99525166,0.060468476,-0.076274134,0.05946773,-0.9981126,-0.015326144,0.5030095766067504,0.18225316689014434,-0.4506861343383797,-0.014986683460394683,0.0030538277683404298,-0.0015189400320714242,-0.085518226,0.0037058357,-0.012699481,0.028320312
0.02964529,0.0,-0.20027986,0.07711317,-0.00946524,0.9969772,0.99489933,0.06595231,-0.07632629,0.065030515,-0.99777794,-0.014502744,0.5360619338989256,-0.04361007859706878,-0.043740516662598594,-0.012231440373598081,0.0028205082365133837,-0.0017300479152240601,-0.070598535,0.0037058357,-0.012699481,0.027832031
0.0,-0.14802657,-0.21107158,0.08126509,-0.009001054,0.99665165,0.99417347,0.07178202,-0.08041473,0.07081787,-0.9973798,-0.014781973,0.5495144499778746,-0.3060333046674728,0.39709728546142564,-0.009422710921840717,0.0012762391719934529,0.00026408875165918845,-0.055337973,-0.004793014,-0.001671694,0.027770996
0.0,-0.29791173,-0.23518646,0.089605995,-0.008440269,0.9959413,0.992978,0.0783037,-0.08867577,0.077237464,-0.9968939,-0.015397472,0.5641412118911742,0.12506087918281555,-0.07345799865722746,-0.006554891307775643,0.0018951623720475635,-0.00010452168538524481,-0.039593738,-0.0013027742,-0.001671694,0.027908325
0.0,-0.28219044,-0.20161217,0.09745831,-0.007916286,0.9952079,0.9917978,0.08386323,-0.096457265,0.082697794,-0.9964459,-0.016024513,1.0305356676101685,0.08480251176357269,-0.206239160156251,-0.0013694385131859223,0.002309699119005189,-0.0011351948777395737,-0.010959011,-0.0013027742,-0.007402308,0.027786255
0.1294355,-0.14962535,-0.16270867,0.10162184,-0.0038876208,0.9948153,0.99099916,0.08799059,-0.10088813,0.087142184,-0.9961138,-0.012794381,0.9457298329353332,0.08730625410079956,-0.16946449279785192,0.0033660578440566735,0.0027346818939141607,-0.0019768413673401353,0.015319279,-0.0013027742,-0.012111091,0.027786255
0.14462385,-0.08314296,-0.09142994,0.10392557,0.00037310086,0.9945848,0.9905366,0.09009805,-0.10353634,0.089648806,-0.9959329,-0.008993908,0.8859238047599791,-0.20660122590698302,0.423815434265137,0.0077788465786362854,0.0016880023549096749,0.00015212001082225016,0.0399493,-0.007046601,-0.00032838047,0.027801514
0.0,-0.13856715,-0.06358461,0.10775339,0.0005600966,0.9941773,0.98996985,0.09184762,-0.10734909,0.09137297,-0.99577296,-0.0093424,0.9691017791748047,-0.06449986150488257,0.24044657287597637,0.012585461241617128,0.0013570630356107137,0.0013535922751480207,0.06687701,-0.007046601,0.006352729,0.027786255
-0.073075995,-0.07301738,-0.04106853,0.10977179,-0.0013352949,0.99395573,0.98964447,0.093197696,-0.10917042,0.09248863,-0.9956468,-0.0115519315,1.2636095206260678,-0.10145402188152074,-0.0881164794921876,0.018840581538539382,0.0008430076110250564,0.0009062419163113427,0.10200726,-0.009867176,0.006352729,0.027801514
0.0,0.034500226,0.0,0.108818375,-0.0013352949,0.9940606,0.9897487,0.093197696,-0.10822114,0.092499666,-0.9956468,-0.011463215,1.1685654649734496,-0.015262762115895747,-0.2110895614624031,0.024589205955713934,0.0007624787623904524,-0.00015373710058222965,0.13449515,-0.009867176,0.00048411984,0.027801514
0.065484494,0.061146483,0.0,0.10711258,0.0004915197,0.9942466,0.9899331,0.09300023,-0.10669382,0.09251763,-0.995666,-0.00947491,1.0821549655914307,-0.16209342908263205,0.24465991058349523,0.029877034753892518,-5.180077683466014e-05,0.0010703311378381577,0.16486141,-0.014415666,0.0073495004,0.028060913
0.04976321,-0.10779073,0.026479706,0.11015295,0.0018131573,0.9939128,0.9896715,0.09210393,-0.1098509,0.09174247,-0.9957478,-0.008351076,0.9180777297019957,0.02087670738250017,0.4293867996215823,0.03431803822863304,5.284176396201402e-05,0.0032119134802568784,0.19090368,-0.014415666,0.019529525,0.028366089
0.0,-0.27766058,0.08909839,0.11797355,0.0015251824,0.9930154,0.989006,0.08960615,-0.117634825,0.08915972,-0.99597615,-0.009062728,0.8292803759574889,0.1836763643875718,-0.01567483978271511,0.03829284991727732,0.0009709593770800629,0.003117479713942018,0.21440181,-0.009211091,0.019529525,0.028335571
0.0,-0.38624403,0.10481968,0.12885019,0.0011582276,0.9916632,0.98791987,0.08666704,-0.128465,0.08609332,-0.9962367,-0.010022816,0.9976553403854367,0.1651716655164957,-0.1409310317993171,0.043089662369618115,0.001791962907777141,0.0023972371563757222,0.2427014,-0.004525817,0.015531863,0.028366089
-0.03137462,-0.4130235,0.15424848,0.1403741,-0.000301596,0.9900983,0.98672706,0.082497954,-0.13987096,0.08163892,-0.9965912,-0.011878159,0.9978570148468018,0.3281125286441296,-0.26681712799072344,0.047863499132004036,0.0034235657364589034,0.0010511653306402265,0.27079353,0.0047113597,0.008020303,0.028152466
-0.03936849,-0.40716133,0.18116117,0.15157282,-0.002120627,0.9884436,0.9854837,0.07768771,-0.15095222,0.07646983,-0.99697554,-0.013865183,0.9265349519729611,-0.27211227023005485,0.04857470092773397,0.05225685639620882,0.0020458865566263342,0.0012887830086256952,0.29656672,-0.0028579254,0.008020303,0.027816772
-0.03244047,-0.2811246,0.17276761,0.1592837,-0.0037590358,0.9872255,0.9846357,0.073093235,-0.1585875,0.07156339,-0.9973181,-0.015343837,1.0158184455871582,-0.023893362399935718,-0.5518444503784181,0.057074664342163565,0.0019161903118435238,-0.001476883158309524,0.32482353,-0.0028579254,-0.007330228,0.027816772
0.0,-0.0760817,0.19608307,0.16134977,-0.0046334746,0.9868862,0.9846819,0.06772247,-0.1606714,0.06608993,-0.9976935,-0.0154895,0.4599893592834472,0.48135220879316326,-0.6064919509887696,0.059089237816869984,0.0043133704042501225,-0.004501958497461825,0.33761895,0.010531739,-0.024200877,0.027816772
0.045233347,0.053285837,0.24377987,0.15985669,-0.004480736,0.98712987,0.9853546,0.060845286,-0.159293,0.05934847,-0.9981372,-0.014141635,0.5082841762542722,0.15926253920197486,-0.1943158996582035,0.061335212509057,0.0050881162482387466,-0.005451028203265533,0.35175002,0.014959479,-0.029603153,0.027801514
0.056557998,0.027572205,0.17423314,0.15907928,-0.0037000666,0.9872587,0.98575944,0.055815805,-0.15862851,0.054517724,-0.99843425,-0.012526508,0.16996609477996816,-0.3068981827437878,0.23796648559570244,0.06187836692041155,0.0035281847532786137,-0.0042339406342706935,0.3564805,0.006417879,-0.022980062,0.027832031
0.07161313,0.075668685,0.23645213,0.15698072,-0.0027729776,0.9875976,0.98643565,0.04901952,-0.15665838,0.04797717,-0.998794,-0.010430478,0.24722426204681391,0.18580171569883822,-0.27959734954834037,0.06280509639604356,0.004439552408006412,-0.005610757678841042,0.36335373,0.011583447,-0.030753292,0.027801514
0.052827522,0.13602243,0.2720249,0.15322696,-0.0024952265,0.9881877,0.9873623,0.041332584,-0.15299459,0.040462617,-0.99914235,-0.008796951,-0.08317047080993656,0.42770692314207553,0.026755563354491585,0.06207521856001367,0.006555889261676757,-0.005448926073674379,0.36335373,0.02346782,-0.030753292,0.027786255
0.04030379,0.11337312,0.29160988,0.15009071,-0.002617217,0.98866856,0.98814166,0.033154815,-0.14992292,0.032386765,-0.9994468,-0.007562402,-0.11462270469665525,0.28985487972497936,0.029950856018066574,0.061191728943730324,0.00797238421399327,-0.005271927163215674,0.36016706,0.031526223,-0.030753292,0.027801514
0.08040639,0.0,0.22965735,0.15007785,-0.0013433831,0.9886731,0.9883351,0.026393086,-0.14999065,0.02589266,-0.9996508,-0.005288721,-0.2916870544433594,-0.3910853479772806,0.7170485855102537,0.05942733502679488,0.005977095553036899,-0.0016603245998483263,0.3519153,0.020462498,-0.010468135,0.028289795
0.077741764,-0.04423943,0.20634189,0.15129235,-6.8341615e-05,0.98848885,0.9882839,0.02038476,-0.15125954,0.020139791,-0.9997922,-0.0031515898,-0.31851822052001955,0.14182464754991234,-0.03320294952392544,0.057537607249060804,0.006656333313021276,-0.0018180377244687118,0.34304056,0.024414094,-0.010468135,0.027862549
0.0,0.09538691,0.25310606,0.14866622,-0.0011237207,0.9888866,0.9888005,0.013428557,-0.148638,0.01311231,-0.9999092,-0.0031074984,-0.33744130363464364,-0.057718752709031096,-0.2878919296264657,0.05556271269464228,0.006334457882911014,-0.003248407183978697,0.33365917,0.024414094,-0.018471966,0.027801514
0.08480302,0.24713728,0.16903713,0.14184816,0.000530835,0.9898881,0.9898527,0.008423002,-0.14184758,0.008413145,-0.9999644,-0.0006693278,-0.4245520795822144,-0.2510049279153347,-0.281833222961426,0.053162138733257994,0.005047760953919786,-0.004641331262865933,0.3218236,0.017416626,-0.026328858,0.027877808
0.15967898,0.3056258,0.16863745,0.13344334,0.004282606,0.99104697,0.9910495,0.0031681615,-0.13345735,0.0037113605,-0.9999858,0.003821518,-0.8528457838058472,0.036310864359140396,0.03895738372802704,0.04863209912056247,0.005204076470945889,-0.0044233376879114685,0.2981132,0.017416626,-0.026328858,0.027801514
0.07920731,0.21342978,0.15518108,0.12758563,0.005901873,0.9918098,0.99182737,-0.0013941447,-0.12757957,-0.00062975055,-0.99998164,0.006031527,-1.0317176328659057,-0.010636367535591128,0.37500154571533173,0.043230350460630125,0.005124874250913204,-0.0025262132708952527,0.26944563,0.017416626,-0.01590897,0.027786255
-0.06494889,0.12363193,0.112547085,0.12419649,0.0037202607,0.99225044,0.9922505,-0.0042661964,-0.12418047,-0.003771135,-0.999984,0.0042212917,-0.7929220317840576,-0.03803432115614414,0.11516748809814459,0.03904958854940669,0.004909078273877917,-0.0019377447640500536,0.24743749,0.017416626,-0.012712411,0.027755737
-0.06761351,0.19637617,0.14558843,0.11877873,0.0013587989,0.99291956,0.9928898,-0.00806165,-0.118764095,-0.007843178,-0.9999666,0.0023067046,-0.6474367729187012,-0.11421904403418302,-0.12261950378418085,0.03561715674206615,0.004313437662337612,-0.0025411535591507075,0.22940813,0.014235935,-0.016127031,0.02784729
-0.08013725,0.18731646,0.10308767,0.11360938,-0.001185677,0.99352455,0.9934678,-0.010647836,-0.11361555,-0.010713583,-0.99994266,3.177626e-05,-1.0522835711479186,-0.10987739253789186,0.6576623138427724,0.03017765310261622,0.003742483511336464,0.0007598637778589083,0.20016912,0.011182854,0.0021469414,0.027786255
